30887 92778
47794 38336
60493 16650
2363 28
20060 97764
80541 83427
737 212
568 430
21531 22863
74068 3136
9803 4023
33070 98168
8457 5012
76230 77374
4920 3785
5199 4325
64371 66414
76092 68981
874 863
6997 97282
926 7085
60337 26506
21730 61314
6125 3896
546 98815
15435 90365
13751 71088
277 179
585 404
92755 12400
61 677
740 13
98587 48095
40796 80571
60379 97468
98 2903
493 6653
302 281
9442 53866
8445 6620
730 32
8098 5772
676 710
4568 77857
2354 4587
5307 4684
28625 51529
5733 48830
30020 58271
709 716
150 797
42619 2246
93452 92922
92380 97489
229 842
65194 41501
87765 70125
36988 75857
46492 22228
9860 1937
552 438
276 408
76122 68859
36030 61238
73794 65819
144 12
530 777
444 764
4539 8607
905 819
689 370
9918 6997
744 471
98491 95500
726 645
17506 68140
69787 7670
8543 88465
9508 9356
349 612
27829 49300
95747 35569
423 312
67606 21802
3731 4879
9321 8737
627 523
6709 3417
13259 12925
2063 5625
37 453
19380 45551
72 974
3882 84931
5895 8661
57200 87982
52997 52960
2814 9669
81096 52927
65085 11341
27685 43377
55937 79108
9757 9180
6888 89413
173 660
2337 5211
67588 78207
7714 7373
1256 4820
17722 29905
39812 73941
11706 46229
29151 65985
63921 89225
67270 21397
5631 85
973 673
47626 5386
39300 6641
83899 40714
56191 80525
88210 8582
99337 37733
95995 18005
14770 85274
851 256
143 580
994 206
9568 2505
1962 2755
54260 18945
13203 23507
22 843
529 190
909 959
48037 18809
6249 3304
2134 1649
99755 17568
90369 19530
47 789
6250 6991
3034 5364
254 4893
19126 61153
976 189
3730 5437
415 922
305 29
78051 66749
903 795
8700 1044
32003 90429
44501 682
8539 36160
22536 82135
71693 2216
20505 55630
965 8286
5344 6336
2901 5239
16950 60290
17989 92293
40744 53145
8391 1683
542 570
74233 72262
90361 9118
66762 82
3191 5426
368 678
30691 31627
58 615
206 359
387 101
2727 34995
553 579
8947 2291
56971 99052
632 594
8628 1313
39215 88356
91 413
9611 58970
2275 6356
6621 5434
77889 98339
87771 27285
418 607
850 238
3060 5218
34946 90784
8459 874
4290 484
70479 72758
34472 45730
460 619
58026 11389
31234 18158
3494 359
10700 33418
75570 68364
28795 13174
96432 17463
39391 4293
5058 55116
6158 8575
1948 62952
35022 10538
55 31
35326 41082
517 3
46140 61797
339 581
39022 13971
84813 35380
2686 1537
177 484
99760 84858
500 912
63951 5237
819 106
40050 21245
41806 19935
77376 58956
33590 43769
4919 2806
44823 76983
4031 3094
30127 86594
50254 50544
27815 34714
38378 74763
27089 32920
6733 10295
347 236
5692 5154
22574 66329
9292 6711
77218 36837
75056 87091
78131 14905
72662 69634
4790 3074
852 806
67869 36504
9007 2196
62950 21121
80227 86764
597 3982
7561 9037
67771 33519
66343 22533
380 322
94985 84173
44235 52041
70073 7399
1064 70348
82031 50574
86060 57523
26925 45083
71233 29205
30444 11899
75641 84279
50263 79263
61042 39849
8325 26273
54155 27336
7458 9366
91172 11777
5219 8702
14654 9934
53960 56729
15798 48721
309 335
10992 76377
52716 1053
18190 71560
54011 9017
110 540
379 110
5082 9115
5990 59427
85148 75224
32232 96533
91282 23876
90180 76591
15351 11132
7858 1495
6082 4604
434 983
7488 9416
826 405
96893 50552
33 9135
8507 416
9709 596
1963 12298
75777 80155
1310 2588
383 22
13564 8861
9212 77686
64286 90931
94584 97315
117 821
526 529
97526 97491
361 619
70338 80929
26622 4311
70889 34226
74571 43438
9 7723
12351 18658
3828 9127
2072 6652
911 529
28399 41889
92394 28578
98977 55200
932 88
100 658
80953 77018
2736 9369
18185 53196
806 267
955 529
594 279
2556 9673
6446 5001
998 8284
128 383
4694 9335
87335 88422
94986 22958
91762 78763
542 717
851 663
50400 76218
1174 99016
39852 76365
88264 42492
38 538
28829 60872
988 857
78342 63971
666 512
9518 7362
41352 74113
507 639
9365 31490
155 105
73680 6142
539 970
171 957
761 650
4466 94315
13887 60184
26970 1536
622 394
37290 50110
34674 84265
74549 74296
4314 6834
94950 99356
57794 78469
961 934
23287 13172
85678 40141
2182 2762
50324 10051
955 76
43 625
23920 56290
470 239
74977 25384
63134 26344
957 982
53667 68012
46913 90193
903 6869
65003 83175
49719 5217
92378 45488
574 958
76126 13934
2497 3419
8154 1727
96981 25394
5949 2306
64030 69560
52161 34563
720 281
8903 3011
727 584
4141 3709
939 32558
432 711
906 691
9392 3639
79422 27668
2672 6181
9096 13900
89 155
10570 58233
5711 2374
98434 9664
67280 20095
1500 2352
57465 51743
12087 47516
9916 187
5012 5635
4388 2723
6774 39644
86743 95355
125 140
52064 77419
1713 5270
5405 2734
92735 54820
40436 91088
670 2451
74803 56838
98090 63611
5961 6705
2558 69830
18817 21893
1523 3606
46580 25362
379 448
46 883
4900 75552
1387 354
66949 64795
507 108
418 665
8821 8481
5995 86355
8438 32934
318 313
19018 86710
9157 1609
1746 2996
1172 96296
560 4802
653 572
926 744
92 90
3567 98879
51 197
334 214
78500 63371
95569 65116
9343 2640
4264 3199
69940 6203
1632 5129
1805 4572
34684 98139
496 7541
8973 7227
34159 65726
953 646
447 340
75884 17604
5826 7543
340 175
597 331
29295 42014
520 8861
33293 17833
280 991
636 9296
96108 52742
571 4977
585 802
14801 99493
6497 6441
12764 5736
874 607
524 252
2752 2531
46705 53166
88303 65626
19592 62548
68485 7132
4920 1932
529 8428
59820 17544
1124 3769
87640 24644
51989 7395
681 99
93019 58753
54099 94696
76506 63180
16067 68099
1473 4979
6967 4798
548 273
87 913
89878 61901
1198 2933
62036 55952
48499 10050
13862 2907
70004 35326
429 798
63634 10116
382 15
898 2101
2409 8330
1314 5880
34317 57915
8776 2766
97931 36627
617 630
9753 7410
81516 67396
4429 7777
29614 85027
63 787
764 5101
398 417
91983 14545
321 827
97566 51795
87135 51547
854 63
22687 93843
535 808
18835 80870
816 985
325 383
9452 9717
9344 3038
75862 60603
5361 4089
38621 63942
2925 6629
87709 83163
53871 1997
7467 97812
516 488
83333 82291
8694 51634
62881 27495
5214 2855
75445 71476
98739 10752
15874 14812
9169 8682
9684 2500
4536 5015
770 347
63073 73392
412 624
7058 37837
3440 3282
115 372
53419 60597
69884 49765
4698 25801
53675 336
5491 7458
950 530
81691 85293
7630 92350
66423 82141
44 256
86767 72026
654 261
221 958
288 984
722 827
7206 7128
92729 65170
47228 72799
564 222
884 617
28224 55383
512 36
2564 8609
51769 59896
87661 54969
10 174
74888 71255
4058 8482
21930 74397
943 281
210 856
44855 52367
3760 1282
41974 69402
13172 73414
51900 14423
756 662
28781 16072
72604 38001
1 943
13 505
79760 75359
2895 9118
14637 21091
627 615
1938 8866
422 621
8864 5401
787 5
7459 6357
14411 6369
34570 86129
3447 5375
13606 11
3166 8990
22491 40927
239 700
2001 9563
3833 2349
18 9808
2498 570
29129 15140
77471 38586
281 543
2534 41708
34401 80551
1486 6789
191 141
10648 45326
70462 91695
96631 64192
45521 93321
80539 87143
931 423
37686 27309
29781 61709
803 546
523 88
6158 1736
34493 38549
987 531
50 52
957 590
68449 94873
483 558
577 338
5221 5140
87006 38015
80283 90524
5237 5016
1885 354
92725 755
13237 37711
243 159
24 642
2112 7570
16261 82791
49956 86148
90 782
83959 18018
65376 99902
14675 8979
7378 8567
670 162
52834 94537
36907 73000
3317 9261
87571 55568
13487 13009
46278 96967
436 694
4947 9720
50213 87097
19541 21118
78675 73951
28803 27209
12852 10526
79691 14448
2677 7935
4796 564
54932 27352
321 298
689 862
975 402
13070 43429
53 583
3683 1434
59278 81124
6791 152
30961 14947
28448 86230
4629 27550
90529 80590
9877 7564
73991 96985
74760 47037
385 72
1239 2701
540 491
7776 60451
1927 5251
43429 9879
580 759
8945 6635
2712 6978
6258 1737
12035 64473
5596 5711
6633 6250
81468 40377
77602 52303
964 83
86228 82015
434 959
16555 3670
20660 79928
71802 8314
62719 90261
6336 6893
39444 4713
19354 82314
4514 58629
552 857
27700 70642
2482 7196
47890 7855
7737 6009
75705 58727
35734 11415
28365 50858
77725 70211
739 724
5835 627
7946 8326
57367 70807
457 5048
99827 72785
43861 64841
78156 574
696 291
7947 9367
58864 35105
78409 77291
162 236
556 2602
49145 69411
28292 85589
3448 29449
53682 23957
330 652
27835 73950
902 165
44 573
97812 86734
13257 13641
860 137
53511 7429
80298 10876
71925 64557
64126 79886
4320 4072
43881 67325
4897 84368
204 531
6747 1787
55595 27646
83853 97509
97699 77806
7345 9731
948 208
84201 80879
4108 4759
3180 6008
176 211
5905 2309
627 903
4486 58107
67124 55805
40638 29502
1411 449
70 1
53151 5109
1557 8288
329 463
11984 36719
81424 2346
94862 23183
808 658
912 7295
65745 75058
67138 37127
65761 6629
89142 18185
4883 8866
49834 849
43445 98624
11311 93486
7284 5645
35413 26556
3043 2301
61121 75790
551 550
738 43
5915 1925
25555 88110
38265 31555
3320 9217
24261 96500
85507 48264
10400 11306
26702 88778
80130 35329
187 418
34780 54684
34590 80238
5248 4854
50881 4525
60000 28785
1115 30644
68785 41043
108 97
7219 4226
7232 764
64287 71895
59618 22836
43059 58083
8054 5316
8618 5315
35681 2781
1007 1565
17639 33024
85753 30243
5546 3826
757 464
61003 94081
4486 53492
9175 1545
389 162
42739 95842
1380 66849
33767 839
50251 2943
960 489
5136 2597
207 599
114 436
3455 19963
111 703
2433 7441
11887 95172
32905 45290
6947 5540
583 851
44 987
320 193
46677 95658
5876 5464
96620 63926
3878 2710
9681 4596
332 501
45821 74447
4957 2030
229 425
36449 67745
56619 30773
873 648
9440 59620
8710 9849
61771 69529
46356 61860
76230 24032
643 989
9907 1569
62509 44370
34304 988
18108 82212
3727 8004
272 65
527 187
377 542
93079 30123
48227 31766
65405 18024
19359 80533
409 188
231 295
58052 99373
49493 12645
70781 64523
7950 6899
63329 69977
6388 8203
41139 99959
7459 5669
8147 9429
175 659
96415 10063
24657 59555
82316 30335
1161 4636
17547 87965
34056 60704
5034 1843
684 301
217 447
7938 3622
64304 46388
43 1044
44778 69711
30387 871
2894 8418
1729 8825
8767 3859
8467 97894
60187 75110
1336 3047
34496 43703
7717 97
493 4875
86307 75261
40404 84507
98818 26235
17935 51353
8894 9819
95505 20006
914 693
89945 92188
362 257
4527 6749
82051 93055
66797 49810
6312 8627
3 913
553 158
82347 33662
251 928
554 872
558 585
11 112
338 514
52278 78662
7075 81325
71755 72327
4140 51879
343 226
4903 828
155 381
5947 63291
995 301
51143 13991
697 620
4413 9694
2755 1449
20361 65588
66125 61930
61903 3184
33607 14338
87535 36637
4047 3631
7670 1126
3158 32174
43659 36586
484 340
987 53
38369 52177
328 431
91467 64038
634 572
795 618
39256 49639
708 148
4778 9158
94894 10993
6458 86979
99961 25348
71745 93027
6712 4493
52369 44478
4661 6272
73288 91880
688 587
88614 37364
125 610
975 67
45230 55028
67661 26772
874 836
125 2204
54946 53216
48089 26504
869 9543
35501 38156
92937 61632
77718 52959
49477 98188
2935 2200
771 73
