495981 494426
55407 11122
5171 23113
355614 351433
216065 219889
71275 35517
2967 72754
124748 125691
75044 3761
225409 222326
44062 65196
682329 680700
3 11426
178823 182587
6523 4812
24698 8366
173035 173093
65552 60695
89852 96185
417915 419521
80960 85266
83676 96767
50836 22547
19170 20064
29223 72213
32887 31124
66634 56291
97784 91191
85740 82369
23745 38853
6233 21508
56427 48927
15563 27052
209043 210921
22185 60081
12370 50087
54247 1910
910696 911804
16960 15520
58767 53387
162246 168637
38707 62856
79930 98540
21361 65138
5369 72588
58095 36557
49899 75581
720787 723244
251643 248309
21746 46547
61038 29982
9698 1333
91540 91103
27210 37473
52288 33698
595663 596192
38571 17992
72007 39798
220092 217212
60499 1954
69738 33626
970130 969384
889998 890741
34852 62288
114961 113413
167047 165018
71830 55681
8503 39236
45341 65426
778282 777643
124238 130932
279929 278622
24078 72103
39359 21760
1109 23640
4866 74793
60361 64828
1277 59242
164182 162980
31150 40625
26488 28264
27662 5309
64179 44657
145565 148884
368156 365932
16412 44261
189745 185491
67840 27196
36242 67364
83611 85138
25916 76239
950470 951213
700212 699765
274378 275195
18187 58580
498053 498435
85629 97630
63399 74232
350727 351818
57744 42777
103339 90263
32678 36835
50033 72928
67698 43094
47875 23504
77429 48817
74781 9830
220905 225503
779985 780373
452541 453193
449664 449579
147037 145328
29842 23464
837200 836266
510624 512953
96943 79167
680700 682413
62513 14047
697400 695633
216849 217709
38325 15077
7010 46668
178079 178465
52679 62516
21284 74009
21734 13441
98207 89042
93672 85225
207595 211106
71604 62785
2252 73912
3074 23764
24779 71845
43698 6773
336196 329786
23031 20374
190198 185800
125742 127634
67716 65260
317747 317174
84407 102224
11917 31386
60516 29231
124053 126070
105833 104561
400867 400528
607 46720
27412 7196
26263 45752
38901 35433
92858 103106
9225 77069
14676 77341
147244 149563
215858 219345
777040 776815
49614 6260
31491 48106
74394 58725
118239 128071
919437 919384
46892 55835
35355 9537
96461 79424
126202 131018
47380 52183
766626 765968
56077 5920
20004 29228
714434 715126
51179 27514
28270 46718
23020 43222
558533 557194
99389 78057
166540 165307
27309 64485
4980 50220
906377 906948
29804 69669
142483 149357
44376 406
81998 96244
16894 49135
71031 15310
23181 70833
325802 324288
2906 7179
315009 318060
849613 849797
123663 125044
35505 19652
13671 8215
96931 82807
5874 45179
273396 274057
39584 46908
32977 75170
867051 866395
30653 44636
612355 612168
327902 337300
326 72673
129764 117610
4525 36222
126141 120109
69086 74076
72293 18015
8781 65976
57403 54687
72089 10457
349712 353519
98432 93775
62389 76192
5307 49427
86460 98305
50133 4915
149952 139641
849671 849468
45013 2325
37195 59326
66297 33970
17980 32376
120520 128394
84934 95439
34831 67050
99874 99636
20156 67451
264738 264826
295349 296678
506148 505927
903972 904567
351990 351643
368360 368311
190218 185468
88465 89452
412539 413426
52090 58579
14137 75321
94193 82927
395316 395696
76378 45057
57943 33086
52763 29957
7110 52352
23376 36928
42831 43459
25757 32710
628959 629422
72405 13766
60560 26634
150431 149288
52277 28795
45099 32943
69013 44960
27772 54185
797610 797385
146687 144338
39253 52048
373378 371335
17398 29589
69671 75064
12957 6817
5510 12469
30151 39950
33204 36015
22260 16471
604483 603574
594148 592377
123177 125044
89748 80774
220947 221845
37087 51832
68317 49245
215095 223105
370729 375699
207301 207187
51803 10497
117530 118895
12979 61572
62314 53519
88839 78794
31370 63213
63303 63030
335780 338001
100163 88036
39046 64334
7351 64269
63754 33511
65861 7136
29929 36395
67379 63211
39769 10426
39873 69357
408615 408119
91632 97066
142996 140901
20020 3203
43662 26832
65249 65999
69118 49321
53793 9585
597674 600847
189868 186465
39441 28672
600570 598163
63320 2637
148077 138439
1711 46181
73568 41073
289188 289293
65550 76337
332650 327702
249103 251738
25317 20830
29423 11032
55222 63925
10220 59857
723330 722309
166397 162034
957636 958140
92333 81873
175503 179031
11289 2416
842887 843431
76995 10861
26964 43415
597860 596010
63778 71932
27067 74685
56736 37027
10708 51477
53008 45079
40187 54863
27645 20661
54107 67100
10066 51596
85197 87038
469360 467972
398506 399316
980386 981199
352599 354336
20163 65700
374738 371186
310794 311055
8534 12784
211670 208444
20077 19693
52414 53767
5678 38452
258982 258296
21845 39506
61285 23989
9296 8073
17500 59559
38012 22366
26477 75187
11416 65083
79339 98399
27743 72042
77651 56945
64841 59364
17014 58941
86698 86922
56722 14816
61258 51513
17753 16506
37493 2773
331082 331834
2764 62390
25498 18687
304321 303463
243649 242411
166817 165587
76991 4703
691360 691791
63002 1701
241575 240617
928819 928570
8024 31260
91159 102045
218172 215985
169916 165756
87337 97615
4478 74811
45819 60809
68705 15491
420232 420302
89545 94063
84860 91753
49499 29844
189361 189217
32595 48644
92453 77899
10891 28498
62315 48830
670735 670032
35978 69538
43372 7129
9026 16024
384741 383632
80985 83976
89435 87874
89535 99992
786322 786163
16256 10966
7019 75965
19712 22581
43877 43001
37081 38761
534332 532853
24847 21878
26280 25738
6954 56361
93451 80688
53730 17648
25193 68541
225436 215740
27449 26294
49547 48257
11891 37382
273176 274526
65421 73746
474401 476787
331837 333802
116836 128928
97663 97685
40218 58964
20036 397
36133 68465
30599 3814
46398 32609
17973 68562
330013 336820
76555 46039
61526 37563
279507 279323
95284 99203
36312 51649
56737 45723
26695 56186
191578 191416
73672 45202
194097 193542
64209 16497
234231 235414
919771 919795
122041 117217
680385 683441
64555 58185
24431 36195
140446 147187
39909 45819
44379 53301
52043 67629
144370 141679
152961 152483
79694 85064
67930 59749
137978 138013
59406 73276
306464 308848
69146 37083
97864 91120
12743 17435
71289 9958
24549 24975
4868 47782
14172 56669
259801 258762
197301 197931
139539 142993
66453 30982
449270 446458
33532 29958
44262 33467
87254 89718
23063 68801
279111 278709
766253 766543
60696 62838
41553 38823
49487 55591
760720 761693
470510 470500
50697 53534
230555 230325
39306 60331
17773 7203
5583 56877
169544 162929
576190 576155
11056 38027
446305 450524
6466 3832
75619 54257
334555 335846
495276 497082
533181 534777
40245 39178
213772 220811
64182 16858
32696 64091
557407 556881
4101 66792
82551 83380
33225 60524
42158 12225
109265 108647
38351 28997
47719 73671
117519 117503
745533 744623
2506 26770
12246 67984
16163 65954
16934 13924
102255 90806
15184 6770
27790 70531
41198 40184
152957 151617
77234 75322
473766 476929
43951 11556
333522 335172
401707 401029
452238 448654
80962 91244
17513 3738
36656 37284
59071 72879
909662 909298
39807 50281
45938 7563
129624 120865
64392 26551
25546 49956
143026 147252
37302 63811
772458 772398
992559 993283
25158 68364
179447 182873
472750 471173
249515 246850
13970 61859
663702 663892
4224 22423
22915 28261
4789 17734
256025 255374
402128 401113
68207 69187
60769 72063
90841 93204
634902 634557
42070 39557
36464 55965
37703 32997
38836 77271
126113 124076
743741 742975
18964 14858
735482 734731
22440 56935
37260 49083
238746 238441
335351 337862
49948 56719
352842 355742
74147 29788
77145 21903
734938 734724
24121 43676
4372 35517
336994 332034
50541 23173
53026 30427
54668 12315
73727 14265
80679 88696
15247 74090
44790 32139
68337 55510
32759 38075
146618 148341
54011 362
41993 12548
48605 1624
45303 3999
68625 16238
7140 67154
61265 8254
52753 75415
219421 226410
618828 617843
471507 472783
720026 720006
17526 57337
922 40510
183559 175785
217381 213206
986 31226
49273 51375
41376 68815
467438 467704
99116 87572
9557 1186
40386 2725
86811 87701
52862 64697
51746 39038
3035 44974
8190 16438
313802 315230
74697 67060
60190 13594
58008 53966
205709 206305
21485 75690
37426 12539
56000 15350
530821 530239
952357 952534
51729 45182
95661 99667
20381 46141
273562 274719
7705 30856
41277 75983
66962 4968
74860 9598
75492 6825
4365 62867
9804 37493
14786 71665
5785 64426
42982 47891
1362 74699
556336 559208
59104 9716
33972 15984
17363 12319
520102 518865
19685 55296
10621 5071
70138 76025
975675 976108
77634 64358
37842 23647
20524 30665
94816 99789
76436 2626
211391 208143
10975 1372
24716 5018
47738 20051
67983 42578
73682 16397
436632 437052
105683 106573
71081 18711
108554 109931
23249 44730
24751 24400
217206 223457
68918 22102
9286 43559
32106 29164
94761 92394
18957 7852
34844 54745
29369 21273
38956 61262
72728 23281
7395 38720
34095 33402
213577 219917
73449 27499
36322 43477
28596 42938
32951 18679
282719 280904
7199 41463
34054 66094
41509 65304
22191 20878
11519 61546
69660 60399
988908 988538
92128 98842
3697 41677
75067 65964
1546 48948
30347 16082
51713 1609
620525 620705
76886 75197
145340 147678
27058 47484
74907 53881
497382 495771
408340 408452
43478 16177
98340 95698
26300 20322
142432 150204
51675 48575
53709 59217
103271 98513
144024 140885
61649 16558
502850 503243
449288 446127
73358 66988
194477 193461
67677 35913
7578 14031
845233 846444
949068 948304
5795 60250
52709 7936
489686 490912
337780 336035
104586 104092
843507 842007
831194 830359
56517 962
66182 30276
38632 40235
33829 17560
54198 50589
8606 2678
9142 5727
826241 825297
58044 53526
476564 474646
64339 16640
801352 801824
9656 29587
34790 37705
53462 62179
65817 19698
142746 139093
452170 450245
103321 87631
177616 183047
31249 57272
70540 69948
35442 14371
64712 1410
102384 95211
24862 10263
69243 73514
20990 34894
487525 487546
601690 595965
126868 122176
10184 9509
42197 71193
14904 17021
53817 69885
439620 440502
100415 91294
338859 337483
19948 74362
18231 2512
43655 7832
87605 103432
18973 58867
95644 84968
54931 21037
1937 30384
496938 493438
219807 222510
43520 48320
256769 256269
9113 31892
92200 77944
48796 8093
38555 24839
23752 1998
48886 12432
911158 911201
67393 62878
148625 142767
154597 152629
33988 65865
316846 315797
51893 73329
45466 71522
614170 613213
44287 10859
49523 18571
108194 107263
146607 144999
65438 46675
347546 349308
66808 17836
32208 23777
90703 92851
86030 84636
15945 74360
46627 59535
34623 29768
764684 764203
13861 34822
61753 19905
37950 43801
190418 189865
95981 98592
602320 601111
40113 38928
77045 64747
22167 22775
141278 140369
782411 784021
316114 314325
371915 376437
34957 26233
26514 70287
61194 58291
181026 181008
57571 65937
755772 755696
58301 30490
93456 81020
748754 750292
76233 6574
681064 681118
103130 79033
56834 63020
391990 391324
74408 73733
27695 3609
845624 847092
53620 61093
74638 9947
71156 1394
5241 21569
25110 7648
86235 96706
58518 27378
175115 182300
69110 57034
55546 64608
71145 19187
53393 40905
101237 100871
11042 58304
337707 338996
100477 101979
47191 37137
503045 503895
56388 7469
316831 313952
19046 27487
97156 83149
63793 44171
17781 57744
48061 17109
53287 19775
510821 511984
392 57766
20597 29016
43221 43120
854053 854021
1260 1697
218894 213378
249987 254885
74514 12964
9815 19743
97760 101212
76169 12447
421049 423558
27896 65998
16890 69175
450577 446859
68531 1502
94368 79316
192147 192120
988029 988327
22321 71915
139234 146625
57094 44446
28704 64064
59144 37027
482583 483486
620059 619934
399986 400147
30224 30287
63094 1426
24959 39873
674598 675596
1930 77146
76990 56098
6365 51226
60172 8563
6585 6489
15124 59204
84245 88329
65270 37992
51378 71262
43878 32115
317449 316648
40917 75621
34369 52043
69693 10636
14066 61475
191695 195973
90833 79755
831618 832501
38308 10460
53610 22526
42946 22796
5218 36137
815017 814611
321701 320973
54284 36523
54624 15251
5518 51327
92162 83563
68138 50934
166526 162627
486416 486055
34906 71764
56549 1368
57598 7645
945785 945592
75466 7969
73108 48920
351515 354830
1224 8315
10638 47643
50889 25404
4813 12744
18547 44040
376555 373584
61114 5799
100262 84766
708764 708830
5843 36907
51206 74117
62932 41647
150412 143661
20956 56509
32515 70201
5535 16210
23857 35700
127859 129642
57678 68119
67081 57564
141329 145535
19566 71332
54787 27956
79110 97251
14679 28758
501110 498875
56438 18013
68174 4172
783084 783227
16552 50915
14449 76896
32891 3888
37863 34479
222009 217824
45732 58405
48570 13000
717848 717742
106989 108351
61386 71001
40644 53156
522497 521864
101452 101322
984061 984049
226837 227519
8522 13700
643817 643446
74074 41144
4888 25393
31088 61325
30102 69706
46076 71946
100777 92305
193472 195042
554700 554993
130343 118365
26498 29428
646917 647272
43548 69613
57153 36899
918314 918586
5450 16068
15128 53103
65382 59782
46307 5659
209208 208697
81270 97985
70255 54107