835176 550064
295023 615204
83980 198062
107047 768020
542139 262300
20875 350511
677635 629730
765929 122279
182001 578119
17545 792452
862924 996283
254445 626021
486956 643550
157460 479507
755832 481797
442482 43921
745415 891757
244239 54468
688022 19829
297398 364097
936922 592452
197615 71989
316025 282201
967529 348236
828313 113036
1355 202428
873310 451761
216586 206546
706894 848507
902458 101530
866021 361190
322230 292048
676431 27158
599922 465472
763162 829853
802097 958749
691723 849103
411347 40794
482005 280754
580559 978231
757546 664655
655672 608770
719508 969597
459496 159173
967735 149595
740315 213730
430521 408019
6377 64357
310216 684356
691000 154867
3571 812987
222908 969665
413726 394159
112553 511068
934982 664426
607544 459627
662046 557130
818954 218302
52150 703085
475146 304020
351496 337427
620911 969077
586710 950684
647055 510080
817489 50415
9258 453523
648421 584370
874868 694832
705920 416908
722438 711615
900509 747511
611210 172088
815174 513527
436366 616069
487280 628867
990756 398631
184535 376187
64948 755456
514769 392156
134817 674128
354769 463752
409541 237040
635209 788060
142739 239292
976675 438902
145624 178901
536101 530695
383425 166837
193374 973214
384977 910848
384676 770576
950238 689737
472124 533514
301643 153670
528505 246115
392585 861349
811442 356527
559942 696250
3071 945668
87447 691903
499308 68841
532845 340071
647062 362182
864149 155911
848240 659234
548957 130656
876166 672460
745644 715011
583017 760387
656422 145455
416169 423079
919594 250786
806831 447016
642004 357729
546110 554990
302532 552094
721655 7451
293645 345950
652297 848836
310379 751425
528594 395695
144768 868255
143954 123019
698611 354828
184024 321006
188618 571478
31280 766537
585337 759936
937271 182004
300909 354303
716709 438638
20588 406625
825639 302373
359070 154053
800141 17308
715091 954822
552549 175152
296364 176663
948934 128638
791806 134021
424576 672672
579166 839356
133441 839085
673510 159006
273173 429160
845679 945560
778856 342676
469715 856341
536846 853045
694365 861595
634172 725169
476188 896136
929584 475986
860381 714660
409018 137217
650369 773640
371303 595675
268295 881652
479163 958555
175959 435172
106098 419424
699367 288350
211463 785251
479958 692935
184087 165578
61670 288496
709036 322045
315444 823249
732611 829790
501339 142297
27448 511806
773363 992710
692594 573175
843228 363892
162681 484148
336623 406834
945830 939388
99256 457299
361685 155226
339756 325704
8977 357649
32713 810387
556267 560750
447450 341148
720048 638752
16831 766403
971122 254241
15217 559986
593178 421082
675874 142571
206780 352572
445483 587880
767439 773679
47049 715316
348243 60813
902388 458304
725498 413375
251507 441625
900102 758414
998561 901181
207889 243035
912722 436091
598913 978768
317167 595716
998686 167943
810524 973155
403610 864169
882502 301937
508357 397345
509071 34098
214742 928205
942415 15509
329574 688201
947047 168294
123310 207624
675838 540321
191771 238164
228344 688270
239988 135686
688710 123393
990227 184822
101547 468097
405508 719048
411575 46633
815448 918232
866461 864640
332991 850210
762127 319974
158640 663781
696000 531214
983005 837549
685994 870416
719050 42404
611691 143150
222131 484970
439043 871518
488954 565182
601085 304839
65823 303222
724472 107854
42074 269370
615364 157745
56327 684884
47988 518985
201211 952861
435406 458951
576469 125076
904343 317453
510866 714147
644611 149750
150060 819914
658510 325353
190636 754774
196749 683823
29726 224739
234784 424000
495171 651358
317133 634526
622931 404163
977084 261220
656454 554163
725370 350825
556974 255946
293739 610810
834215 19292
418007 681406
433749 940754
950047 28685
750232 431510
499313 36497
575042 99812
121868 700246
932315 224742
798519 306918
309150 692494
573563 623511
743758 357264
261759 409914
599598 535880
573528 522522
624022 748629
357029 481280
66748 878309
410627 135575
216453 635354
980410 983323
703061 588955
624792 772796
308796 52402
601869 248186
832817 795472
315086 287593
762304 897484
638896 226067
117051 51718
138488 856530
855208 285223
296270 457865
654505 367607
862707 212126
716340 148203
360226 541786
479365 683116
586281 223144
774683 291933
685321 613430
6574 618471
989267 966871
400634 360765
362256 608906
225490 582547
227778 687944
164761 421795
804961 330497
692683 571523
335673 288232
389832 123766
245199 584401
624643 239808
246664 242331
921901 638026
372998 910096
641187 75274
800122 83172
296224 838557
111161 670841
960342 760838
343879 852299
723807 428104
762166 524858
95483 54410
797283 159342
574335 967450
15710 546721
355514 769241
287814 745202
281295 14856
555204 518482
698872 686710
724515 693503
845054 832696
251476 160070
742125 483578
921545 684815
359680 368332
181978 318487
973964 5731
135115 938213
239292 466245
963781 385343
475350 470458
127099 734665
69705 518458
138621 462245
696610 429284
118599 666812
261174 10292
598303 43592
92266 573397
246745 9652
927993 668467
288716 236289
664362 713691
388010 856672
670756 168601
680769 785920
715088 517466
461324 915947
187035 609117
746502 428911
359472 833813
574264 110744
886280 208609
428678 340214
598923 689712
625606 379169
934707 933684
842116 696038
6412 288874
227519 317372
405958 14315
695061 621165
324062 595369
60678 560852
463321 553743
668866 40383
523936 334054
25584 48399
749283 689948
744265 203558
132804 489847
803365 563182
408202 15727
712530 903889
871665 637871
689349 195548
417878 214414
359773 658860
910811 686500
812679 622023
155803 118262
62695 373444
291209 865341
105259 345088
375874 646530
784052 255069
312989 40178
633307 288222
21347 330296
706120 999884
941814 686917
154806 390778
549816 381035
990439 519864
533909 106556
16118 97194
695998 509993
402130 730272
430547 713215
751062 885094
848103 955381
787046 167022
222750 477254
995715 226792
463571 424425
640052 453462
737008 855518
582240 628739
199961 907310
252712 886122
42781 790728
925006 643451
686766 570032
178665 658942
32575 612060
62285 998429
113943 183210
4969 495531
375369 918942
966814 236624
62934 793870
667695 708963
894178 780092
988495 512966
255963 597249
800056 958669
668523 829835
542517 441489
149381 215637
851340 223938
412607 93732
406182 137589
546861 841296
964951 763557
929962 625549
237716 849941
658194 950485
853814 81138
695352 287593
180349 826608
279500 545620
161442 165644
864723 256458
664937 309870
20605 132607
46940 526656
263968 86195
774416 804316
755391 890370
982228 793916
157295 410961
783365 12710
720882 739611
999762 900659
845980 619153
735962 84186
940853 267836
879045 120290
398283 81072
175607 69281
899754 717670
10191 475917
61312 762152
389506 726351
642703 495496
922836 292283
155609 303775
781485 73902
727367 907457
718683 909621
503252 903704
236319 333355
703474 79835
895938 828969
690238 578177
588866 156791
45769 270860
303950 808472
713944 637679
561267 284198
716171 30956
216309 680207
816438 458429
781519 24748
780931 918480
760700 907057
554417 881622
746680 206654
758554 727964
193785 149166
406573 822435
844002 490111
624290 437905
759406 359509
469140 920855
793262 187875
646949 335132
118368 178113
40426 316340
123583 988002
483837 22772
588114 644440
145108 878352
548021 223272
209598 268858
680542 497497
299050 474799
349193 581848
204723 902606
676272 583164
65465 110401
139241 403679
79534 215388
223623 138309
203156 17030
607405 957191
59401 573441
200599 971194
457655 28044
118479 340800
506990 199332
328145 807719
296024 818646
275452 903767
507308 329222
272980 323025
136099 844304
809592 330936
691341 202954
228265 628000
870959 59266
411271 785880
724060 593992
210397 230199
739413 747185
364801 756992
132570 836252
560213 738734
843262 45912
100576 501046
400196 554852
386881 832644
862150 998459
27782 228766
502274 557808
942761 262291
766745 212186
260972 426926
309442 595712
167512 903303
581077 458232
103787 961521
534197 946428
889736 132601
494769 793223
403088 856534
146514 31817
424434 46040
875980 35293
136803 892835
434294 523559
554552 287195
985817 676437
848751 421735
134441 645055
134909 506826
445005 563244
793735 37737
310326 626489
806778 722540
753600 928031
906184 5011
901436 520046
561404 98210
414524 602407
955621 582118
120988 832330
140744 912643
461692 495306
502243 639523
127281 681018
513704 737069
443537 667518
515886 214427
644571 432774
916165 90945
162690 584741
771676 897442
459256 29454
193060 95637
722607 381200
385617 195651
967144 459642
430808 895490
681922 215853
103424 266572
197591 82531
118365 865823
367317 53217
205873 667570
990283 761205
325184 877384
645666 450848
143941 15240
250455 12329
634365 136797
706269 185508
267032 699296
458317 629293
819272 372524
653917 800042
257557 45487
858473 485835
501900 385875
963609 403006
135160 572096
5116 477178
281278 236615
97672 303071
943864 234519
588775 805713
70176 582667
836083 310234
485418 802491
720401 68246
628418 943471
120760 785877
712135 764457
98574 851868
531063 906518
464624 773685
642494 403644
735597 795443
59741 546588
226188 793481
912782 940354
168283 323784
755436 577230
300475 129982
328076 885015
329200 511509
620977 4008
27032 698532
25828 996508
504154 783645
211537 299056
365835 819820
115345 490319
51697 409985
101415 366457
641849 485639
906433 391039
810450 240
465373 817988
409044 947689
90507 173741
369997 457015
762823 328767
234629 711485
487427 88765
631157 93644
763140 92315
454298 267377
221354 814452
331405 873910
400382 644583
199269 140724
438898 332344
461214 980684
195690 576467
245887 93257
932854 169394
747124 170511
235669 904342
488585 557652
284790 401708
627285 621185
945013 118146
86975 637353
389778 64354
395290 229324
141661 176546
587855 253670
476548 861773
438055 565000
112766 968724
572910 272188
986349 323313
743535 940437
699766 12301
632890 690518
923787 798430
104062 299816
630820 406939
719053 219413
542935 936078
691081 887221
588903 313152
172636 839297
481990 542822
927060 899745
753847 475857
983157 164217
709758 964202
830372 582809
806592 562189
76313 695269
897246 383895
258909 474696
633938 333126
682262 295518
77649 685174
728229 757360
222089 918439
85076 468442
708009 769237
730001 920524
477245 714509
304128 271940
495824 474897
726541 196101
961550 674539
508218 949929
603897 494195
247213 469972
782660 10693
213199 613561
96696 928447
762484 628153
125221 577688
563896 554096
741517 379272
261398 544377
162528 457383
251096 19454
527717 719114
708276 166132
336665 513880
864390 536488
517320 935809
804397 406172
245383 938681
731645 110999
890250 695717
730459 796544
624019 55425
545896 887533
297496 519946
795593 112160
160723 903741
330431 100984
885475 718212
168714 420944
133279 371742
542850 402037
604887 474861
117990 267577
105808 896703
368888 888484
667325 731573
434207 947893
173619 3437
506776 424445
262945 761300
963821 80929
494502 199918
992918 79519
902452 577954
427464 935686
94742 999666
869678 769901
996709 576377
949697 219613
188131 90443
746043 433499
537225 47136
975784 285861
496262 918773
551953 321074
990824 460659
501277 966322
308386 209827
37081 235443
771762 665255
790176 487499
269114 192212
814835 800773
904582 393541
7473 176227
132244 547171
2369 93988
740986 721811
441828 912290
968997 351753
757383 220343
844000 376885
244189 534943
568935 535470
262498 665170
402723 34952
858113 660396
21854 619965
957979 503842
790930 6957
567587 617274
718926 761244
73594 801991
132821 955050
838119 457085
261371 363981
760382 787994
989192 534635
376887 246742
14946 787440
373124 629772
527306 106550
87719 100148
298520 912546
704288 897932
787752 913903
346698 655897
445038 589621
220233 47276
911568 368105
274160 958101
223126 236345
600446 498716
440916 338624
928876 947402
357645 105436
130613 153620
56578 590989
600194 19164
137463 991615
750281 422631
365568 767593
623923 355912
348722 397366
805907 100970
602135 555792
397738 991023
21893 427031
810070 672277
355431 937876
521903 810718
730887 928763
757636 873009
687146 667398
241060 951374
432520 653884
799635 599425
252364 366428
612905 299190
84594 453156
325666 489195
286941 888242
79501 49247
530890 779528
755571 759664
574685 839988
367026 530983
391347 16849
591200 134794
757606 409851
889731 757113
945712 404120
529010 942829
602533 893262
83889 403040
248938 574791
684307 716698
87367 562663
347525 173768
966616 980635
227906 879206
420257 775383
511691 765367
668719 719742
985974 345023
354985 464130
19086 878004
569939 538159
803865 121523
415829 404654
235787 987591
954904 24701
724698 240487
895198 905097
571885 833057
776545 268472
283492 602715
737306 811570
336796 826303
165906 498629
467603 567570
671186 974475
505039 841840
841674 475906
144280 369482
206304 570127
818250 93175
657701 655451
6093 693459
354069 922178
899224 52949
776823 390485
335027 991615
188516 717402
303763 623869
209223 696335
136031 372767
609437 760352
686108 17466
703659 344349
440779 147113
921257 661427
503740 47712
229795 305254
832455 358039
90911 102887
937327 796522
539962 811456
492313 883075
798038 577333
951610 858171
548586 557835
318821 936037
640735 743201
672986 619664
517600 810565
920145 52380
110179 791782
509597 284090
286102 443476
530778 889807
197396 470315
689689 593982
32537 171506
153072 426142
745441 655677
144018 461724
307708 500761
474476 386526
910286 623201
908109 964034
326865 164725
361244 981946
343700 405155
470114 407547
759182 66142
979404 291134
961381 883417
740082 422543
502880 994111
843768 867874
409649 510863
566407 291839
184298 635911
345759 405739
593960 806022
975232 971878
369175 653107
560844 542299
882530 15508
558601 513059
724440 841448
386347 134815
848354 588771
687133 836315
618776 644101
310429 589473
662896 359697
472999 72999
900252 537754
363014 76169
504727 579589
658994 925082
839301 61099
49437 710887
596408 196054