502815 161174
231588 740995
70139 638391
93121 807265
479647 354650
752695 883490
387108 284976
887610 381396
182815 148337
440527 662569
651998 78911
75004 827637
856317 96470
177799 660946
417772 664754
342802 341569
536438 636813
419469 131410
54361 509916
84767 545956
682507 684329
831893 496429
568713 479340
342927 103190
846303 305067
795592 95107
218343 284455
798181 327728
797812 111124
793962 298079
430525 887618
634430 600733
614661 328554
296472 700695
828662 826770
691145 775057
366682 860512
735223 899213
487166 633095
519446 103247
545862 391182
135103 833079
504466 582793
222649 285393
185905 452983
102826 77880
126233 621069
444647 557908
187359 211515
800056 286781
587976 583633
828509 704111
530609 326650
325468 154941
838798 627405
199832 533641
206878 220380
240496 570414
424471 670723
156976 321494
811196 860424
824048 606088
614989 480579
710743 239075
62068 464042
712111 402502
230147 603546
897285 613135
138803 135393
189386 276452
853863 255657
600671 464313
677478 79963
135901 105884
289415 697171
456079 278223
174695 741448
666594 204638
882563 593907
749989 551743
567243 325269
786665 718194
872871 877706
856107 651138
118652 133155
711913 599833
294975 159816
880414 130816
191975 95886
448045 468431
486519 427435
748638 648674
462409 450546
124693 836928
748577 874446
705617 394889
895097 206806
166445 602642
582658 509402
411205 414520
251287 431517
569010 73999
826361 249219
425439 644386
326675 521715
613680 482925
866173 367684
497935 542154
416823 119410
213503 334792
871244 701680
849134 760674
590018 549212
424841 515786
227526 663628
512220 742133
307631 474187
78606 343062
347866 240243
738838 663153
157249 594099
654344 167891
800879 771486
291147 829020
117984 123524
722518 625791
339732 51852
757214 656852
265567 674733
732641 557339
159306 777073
768502 462812
185755 863949
224112 847467
510968 772269
304214 473177
249166 602511
208511 166755
138036 57935
681563 299535
698590 425902
468573 487364
330400 780024
506305 419593
529367 862637
182455 837916
368946 768166
443484 249070
249385 330587
185601 95070
192938 347837
641672 285483
237414 172175
521142 206178
709866 462406
437947 551867
292135 873472
326041 472218
153116 827295
352372 535378
597261 671237
209582 504597
856711 210385
559100 626564
873788 451090
373451 844001
532773 572603
127276 114410
672974 84942
461506 149506
303093 843883
211617 134039
876455 491170
741462 837801
413800 678276
465806 755143
330079 844990
676022 524459
880661 50047
295192 447653
83827 105909
387706 205514
826602 169514
897560 635717
464044 53663
137129 865156
543519 319570
673171 455836
219666 113776
603964 385960
51798 770880
767101 271148
113819 352029
576751 644959
487574 487989
766579 787440
495341 255148
594206 841234
885985 106683
567533 360593
519307 214042
434385 328438
826178 739328
303467 178191
800102 744373
280179 443202
405477 833489
369748 210434
534249 748315
100271 261022
545444 185973
681123 115902
863670 277113
162429 377063
811309 897664
155861 102663
820060 565139
211228 356465
494495 196124
344923 443868
588805 509197
67966 577090
222418 867652
235934 385286
847061 334000
518116 597700
350296 385991
726887 434364
82502 564894
812229 370790
833106 400976
604397 436546
386090 765648
510602 605513
636748 265186
274028 760223
306350 819380
516294 485639
603249 714684
718679 676414
85931 669424
267485 290383
766842 524544
444429 209232
430370 529238
788696 632526
316498 60034
714856 329168
325038 406356
898578 575146
774482 370673
206927 669026
262078 82567
163750 128943
284988 898659
626040 481136
484705 629865
635016 716703
863777 799434
406482 714068
690359 58531
752327 253808
775764 484845
476585 716141
539448 138349
348657 697612
650554 626795
802731 768069
896240 580955
112146 545396
779471 140483
647410 528382
490456 606561
836957 481331
675421 107782
154012 323819
500868 234356
459217 161920
528616 198358
203409 530630
180675 888788
201356 164545
843575 157893
135980 82457
180692 635120
437140 456709
625957 663660
573248 623889
614469 292169
578457 67439
310743 187890
875447 435406
485945 263557
243211 364356
458402 151648
185465 213806
215461 86287
443187 319989
537642 235564
103899 429753
78140 688770
820586 745368
54821 362938
375641 521289
287240 396174
110786 267186
545210 774711
658467 180072
705333 550666
171784 251127
435625 507302
793940 469678
361719 599516
479965 308657
261531 772160
477833 559502
851483 275932
559418 686302
81616 382862
619061 211729
504938 248019
728681 414018
259233 726454
245792 423780
803277 352754
565668 422087
657115 886999
640292 469229
427101 242781
806306 720372
714060 819391
227322 448992
543918 59196
177275 55000
453373 647723
213104 217414
698955 485913
394474 506743
711434 261186
718148 893947
357698 146013
64097 415217
628704 156478
162417 419336
105952 162983
514085 757606
898942 596926
249790 430888
70783 212880
408146 853455
255877 376767
263513 187776
90657 292139
480588 394115
406202 118891
382688 874785
124499 483830
508582 51546
709768 157351
148943 691803
447349 855564
158125 640051
312791 574967
785313 69450
560694 60687
577383 855561
887488 166776
633952 816470
259841 679964
821348 76771
336622 291603
684683 794354
260572 77871
357120 229394
526294 358815
832257 483527
68523 589342
796352 65112
552395 368357
882253 577586
842657 586329
134410 417354
766950 354937
382043 586156
662438 79149
258757 766216
322447 381496
824756 90558
758067 250449
732077 340578
188142 597897
78792 264062
386118 885394
686513 849010
72510 648311
223097 607381
867452 327203
474482 476410
198363 504622
496604 281415
678960 292971
108295 491556
784464 892794
655892 612408
132520 544432
199156 839989
496946 204449
333931 61940
507705 796204
397726 495187
257518 685011
62364 599905
716544 342209
874758 257985
453262 847418
314627 118165
187389 366520
700862 678274
846591 640152
852550 263372
328958 421686
776300 125978
671618 186639
199957 688783
67689 287778
544154 221177
397241 103477
100522 722019
83916 155087
774313 694992
153406 219768
387557 372604
416476 876103
329252 267989
663728 568966
308100 295338
107840 103414
231991 753857
604274 143422
583527 744255
340703 735125
220007 134350
416429 212845
836651 335706
63685 343638
147862 542769
570446 848115
140331 769624
781244 658768
543163 790299
215022 312770
166049 407506
318356 828690
80374 639992
329879 619679
157766 503059
748744 333232
127766 870361
771428 439086
679173 720205
548506 599325
871926 371888
179614 685034
51376 368505
630896 258760
123995 787699
678754 899622
546005 179403
800773 553591
737451 580830
599256 351092
326391 377616
898974 206186
288593 805179
471567 500907
528083 441452
132415 456280
599539 795947
726620 881913
796867 201965
575647 811006
227911 884793
161132 202060
305482 319308
78761 465402
483548 411322
503723 684597
460609 739284
84986 393393
473530 62040
219024 455271
558191 549877
283632 808949
293129 890595
330530 809955
366269 391881
88924 69421
229536 510767
159505 601033
219296 183418
375906 832476
763532 146753
124970 770009
747599 482917
686156 565078
548093 170132
225136 553638
611812 308973
129851 420702
75983 469448
531996 68172
499457 707920
368740 640802
459438 163006
176864 238200
891638 314356
862798 790135
115488 472913
865626 115791
433199 475470
299740 826148
221625 77272
705607 621541
892434 420835
444269 793103
84936 183866
180263 130924
695245 266974
323707 373863
348190 276654
107909 833245
693783 365948
806121 211711
807980 457569
647624 423522
675033 96860
120536 702503
392730 611330
572635 215225
69100 190176
630434 166488
790793 226047
678013 266376
842142 101906
495962 848240
383762 658302
127009 346985
551731 784414
239160 537910
511445 831776
76135 622788
801546 365204
184357 146038
406617 612642
571291 429343
706715 319330
355920 447706
85650 153944
300089 227796
790597 547880
462270 599406
258976 215445
166245 887794
170647 782424
140634 506385
136960 357976
742020 815942
297237 865743
875656 869803
199481 805683
55798 197117
439948 740505
259476 662735
394048 749215
746150 72124
574493 448345
223735 476073
142112 539182
448207 399170
169216 604288
229475 653785
54350 568043
694572 822664
426526 865610
188897 896063
382651 219858
59865 695064
194949 343734
286171 163691
649740 103723
793481 393132
510602 440566
246397 263569
143032 625086
223057 810674
493458 187120
308260 282785
667905 161707
714224 897575
747336 710504
831543 522997
654690 700758
331051 463459
253023 124039
473196 722956
656417 368113
633312 67782
256737 638391
235929 188273
766053 823384
781003 55300
876266 737506
103664 711517
77768 664904
562794 770734
206183 313458
247273 60544
562526 820965
170362 527461
690870 736882
230784 76357
867995 753594
155674 266209
586212 783084
431352 485515
641583 580503
740295 382978
797424 881713
82803 795117
462363 80276
426176 616505
700827 560977
400812 491519
776022 742207
726012 562729
875187 257903
497197 681027
285922 781138
373979 864527
160245 882954
221881 710738
395950 299818
203842 641917
412582 821406
587532 695701
238180 134766
443320 245180
653492 685214
663800 504262
731012 158531
681007 858687
283401 532039
830946 148168
109749 207307
289056 348453
483253 164447
381411 513588
520894 369240
145536 302217
817776 171063
132054 171224
497865 275499
359182 211183
378536 594408
343489 794489
778302 448762
607381 132962
436177 265909
618513 227758
329079 299013
360250 256190
101709 499353
406536 204100
161686 659661
271361 468935
772410 114257
528132 440433
96522 392451
630391 327527
372614 784746
877327 675818
844007 590653
601341 234958
499966 539765
327867 352267
554563 772687
358688 280869
447563 222528
437282 704113
541596 807100
533382 380211
363021 819855
729459 822248
528996 457992
125339 561353
812061 528095
512524 726979
666034 532335
109728 755326
256969 365956
683193 150268
799783 312094
641884 453547
318677 637675
872597 159704
686496 498615
413161 299914
747764 733473
155868 457360
581878 571216
241513 479795
765259 104048
300901 96481
841594 674311
132726 496720
673790 490093
492635 413390
682233 415521
72420 647271
249839 395041
273517 513390
849067 90391
720024 671681
423640 240100
387128 387299
302151 235286
286501 108221
716139 705793
871289 599503
854111 506894
111281 345806
485293 366620
129525 255419
588820 731239
577429 817574
645245 757134
324960 327543
284014 408611
822054 338102
765382 183781
831279 670823
203729 614019
265977 462633
248228 709582
66989 887842
263172 625268
119949 75838
837439 310557
871224 609990
88073 784891
264046 121030
833673 172121
342546 250079
246762 373235
836813 599964
297298 804002
836832 462118
375278 265130
286821 50874
72266 593123
135948 671691
330440 891343
82109 824839
103369 883771
163978 472772
177280 543586
155693 696598
797907 444392
839941 634120
384845 723670
410854 81811
87338 62510
196958 862986
828679 97637
644642 453509
456767 553579
368659 861535
879361 322473
749217 528661
519032 869836
364643 111269
360933 753487
351652 497891
429660 876871
227901 500003
858338 809559
135928 855839
831330 847819
77234 615616
241494 426038
856602 591943
736927 695756
831591 692941
208549 627304
774796 730859
413492 892863
360510 547145
365438 494776
239949 693834
646255 448984
203983 147937
575145 99434
871665 459420
507392 576234
165888 676873
825636 756489
755111 145505
364264 359476
117862 760215
557176 478155
541203 714871
206217 482420
587986 433811
836302 859451
240186 510934
482225 282351
779951 887235
312118 854683
738719 490072
397729 123857
828058 500412
489225 78982
295851 423227
750955 98912
512628 131886
205515 785838
843705 895402
780474 280740
530844 399104
823895 83483
52928 53066
667516 152885
888472 72310
492702 218419
326775 216973
373141 325807
95848 347743
586342 174591
70122 281390
634554 59036
696537 663315
788614 678278
636103 568207
181803 293615
343358 445219
698972 192607
569220 686565
170082 810931
623634 733940
469068 492967
480586 480006
218451 223834
206893 693171
189176 808578
462766 200484
423791 852946
171084 336674
50433 522421
57318 508076
192571 75394
691961 563377
643729 659595
423427 230047
338489 652818
609436 174630
125260 435247
71786 219899
728075 56786
111385 286056
598893 451001
792800 827289
669792 485048
51550 476803
194624 791420
690721 647129
260529 762350
541768 434593
743036 492261
844167 403507
845958 195199
51828 132062
545180 821288
132565 89915
322749 839603
377423 381222
822159 444429
708225 826475
224893 756025
677613 471771
522825 71204
282512 355081
596667 404838
515612 535828
214230 628510
96032 710148
523811 262653
533334 765656
129751 155953
279733 60111
649818 183136
293118 883316
249654 162936
61151 385008
315646 464575
572387 297380
595383 216439
492403 224195
811471 380615
437166 780365
898064 79599
142482 540472
460990 501460
128218 163357
691039 520504
563951 181667
492672 572103
273986 469193
65259 634382
321073 605739
259064 787556
216362 706432
816913 409194
330388 750789
173932 480997
743133 600342
753766 231157
484540 598699
314276 69015
591878 76574
802709 68867
202514 363710
666525 875954
287039 611036
327067 792080
763807 703696
602950 245385
290578 88432
324961 294790
715500 713872
474481 58389
489314 383606
708739 876608
788610 750812
405342 588249
814019 286256
520191 718724
878273 817246
642568 106253
708471 128917
741382 588310
528636 708083
457669 751269
365847 175279
150735 556764
366418 607789
469245 591752
445971 78666
498982 505629
625174 155195
286058 585763
456362 191091
348550 715356
735261 59508
694106 891415
349975 281823
706922 696437
675896 135202
413022 853734
884476 363922
720801 803838
169468 130743
301644 861021
577539 458051
712567 461445
637390 755944
593108 80843
257754 622976
693537 94368
291342 764596
213016 369150
470228 585418
353950 686949
91872 372440
86295 857843
338732 657739
625938 809013
290746 495996
871778 186540
375470 459844
216674 752460
829755 421901
238899 650086
796264 641859
271568 703126
355511 109186
635924 146811
771077 765064
252776 576106
833145 201678
103597 685029
