556170 605514
7741 686765
249129 471793
893116 630518
812848 882147
108005 135937
739174 206220
202116 168385
365824 119614
658739 69225
696021 112171
128289 155609
529859 757718
994230 101047
368850 526329
733330 179059
438906 217982
306578 265699
92039 675608
122812 91446
793345 295874
953986 608959
877400 997631
549174 500409
266953 730840
593823 786566
386859 312850
91448 219570
577503 364293
206846 642266
414453 383436
103099 779228
474916 545694
329022 988066
256600 644105
869411 344334
150849 696915
57324 59346
599497 140044
165807 637411
823640 195012
645918 367502
802586 957072
658506 714076
502521 983572
759166 922761
706980 679226
338954 688822
184986 572808
697814 49837
347762 658880
433395 758699
991236 338521
164802 269067
199050 134614
479011 122585
989612 280131
387094 965707
830763 481924
508042 643656
716899 647889
659929 820022
105955 131991
531273 352767
647426 99463
629904 220838
297654 943613
762307 140342
114875 296023
883288 135208
754103 63496
274035 234478
440672 98016
655990 156859
991305 560029
28691 312891
272913 770743
731565 706052
341780 365727
472918 346367
389685 859945
843683 603540
538443 313478
139241 521383
470727 647506
149462 491260
862512 301757
945352 839534
591305 347463
590053 822422
734341 873964
132619 241452
442235 452468
204925 393653
876098 747049
35218 352841
529938 890854
716206 641853
425181 74559
121309 200306
860450 904466
949528 178410
627291 479287
997639 494630
861281 807412
907753 283441
988058 140675
319002 329145
545035 35893
564008 332716
12137 472104
793941 390857
168698 149263
690418 379905
908656 173262
728120 31995
892500 692482
288959 366824
891968 692719
796752 799614
192255 80111
440817 684330
956560 385885
987504 270941
29078 912007
640685 56510
255062 903484
905275 292079
30411 380882
932382 970838
458246 595732
880260 967771
186230 681872
412209 126946
725937 967336
570704 999848
814365 584277
916451 626657
167713 468513
1752 222024
798830 575625
959430 877970
922329 157147
231802 428700
355062 238228
238507 435599
234771 17269
87764 845438
825992 768362
272450 250776
159806 968992
660637 838743
262844 798263
989573 52941
770998 855087
502808 712823
794558 931051
332043 835989
4041 939319
718471 690985
39775 648781
192771 671721
513340 701732
388593 429315
65243 503750
251292 323168
170751 966021
21806 660300
644606 753222
525030 380431
85370 644160
972651 814056
821431 847740
702374 891702
273285 633420
18584 714806
30412 433157
573951 712120
356208 650966
537116 700275
280640 776564
128511 43116
917867 41155
974548 761649
154864 776270
129833 884904
397096 840717
547657 551767
628623 965965
241058 374782
646500 636971
369762 359186
963179 173263
12848 233881
535625 4207
442579 395790
176147 742737
301776 795039
227522 553431
205268 995587
843717 483649
935378 334450
7621 880599
582065 572363
238412 752480
690233 679721
793819 948509
719928 433833
56229 330468
899511 317043
706687 687499
857586 799966
237133 6263
256380 470079
328701 850115
17403 623121
632765 23895
629679 873258
531406 404910
461462 57657
525283 806184
958271 212126
999422 4506
103285 676682
251251 613763
540470 453397
830190 313110
316576 783582
434477 49858
284956 537378
838368 228612
832407 416000
581698 570995
739586 155414
443793 284431
666255 889905
45032 413783
964505 585004
271892 766272
266285 981434
605089 597928
565958 805266
845478 328942
324296 94132
178665 915635
457215 365380
996810 148373
940729 9261
404907 67561
163019 728679
878843 894039
85153 66847
113863 355459
733952 65054
704558 56885
543613 875096
931330 591694
587136 714302
593297 417947
794281 895856
523896 135763
839665 793110
152992 692820
502786 503762
238080 217985
951190 668289
677199 637118
578637 366739
137495 960528
742043 268951
85857 148089
984159 245517
691916 755906
103324 460269
988648 147544
737330 559794
622180 913122
965340 951469
499905 281256
799935 318728
654806 731608
340832 460735
683932 719972
792440 263405
190256 413111
509348 109643
759675 597218
726998 318928
138735 471692
659223 269832
443634 869027
199981 703807
427444 551985
553529 334521
59923 630774
735460 294285
933177 815883
36424 137556
296392 176242
221026 91262
844191 307791
446303 992631
735710 334109
627363 887482
705230 958619
252149 575352
540316 866986
452988 482631
649626 138666
479496 120781
920149 968179
585540 43998
572389 919537
742419 659129
262062 141317
521059 460368
248166 455281
947936 262267
49812 998011
132626 786795
647999 142868
989248 523671
953561 758714
429799 127908
958787 472191
994214 744503
717773 491898
231 557415
59342 725739
945470 548458
726407 376749
74888 921461
456956 938088
738595 898035
374341 524507
408268 623481
938395 775386
994735 734898
623898 143628
415031 738226
439203 244965
194088 716976
375415 83894
254437 52604
885241 395261
946656 774958
530731 44669
804018 880992
10365 416178
466673 460845
878519 982419
713863 752694
404131 800059
567112 311206
180364 502673
982946 319162
293472 473428
740680 697806
86485 271579
748893 78687
812204 59643
143709 888253
760020 732200
232591 766170
762309 682634
549334 289322
338782 660729
29051 505665
120875 971873
586396 95613
613361 347752
185934 73317
796613 178726
830440 816206
550527 439731
761138 868389
389857 564355
563239 401956
540802 725868
800855 439999
959936 469329
267243 946091
499124 405491
929510 667242
53860 725078
171350 180777
197503 621123
992976 940354
500170 317372
414427 242289
458579 292409
446489 940568
721934 461968
642966 427464
88993 536023
428653 866313
572714 502584
109288 914072
681459 206742
712944 203431
949476 291351
586703 667780
664470 344825
978135 387045
686311 961910
668041 8352
228517 564861
89025 952760
482886 255309
263940 557745
7749 671244
328884 24826
871534 808832
367310 542765
645965 35423
775048 238931
476884 67961
400383 674924
625860 520085
259026 447299
71932 731583
710746 80168
990409 985444
602553 803715
184479 890630
32770 1127
835320 662762
70993 76156
257821 270287
980828 244538
701440 930285
235492 284676
619603 235935
890738 596511
246041 276739
685289 12209
762754 472989
575798 678276
821872 487536
281597 985935
692392 500773
813850 965087
842904 338867
894439 776879
342624 430602
631767 940920
65652 334810
813891 715374
317126 628219
703768 611639
164997 272636
277074 370088
457433 190752
429971 849267
233412 671448
802363 188219
992824 398330
511591 290042
82490 349326
272181 144557
275723 550537
89183 758890
475687 684120
955790 497046
356507 847845
760345 442991
671186 343064
913509 996509
901651 228185
43284 287076
903785 516343
473726 148192
209094 318811
102637 333135
684716 939795
724139 372783
324733 913622
803988 977160
48310 241894
208635 164563
513977 636091
413447 365618
124393 400154
271186 594345
592229 697950
508726 404269
665347 342144
738195 754855
868238 913805
918100 102025
406722 976238
880687 996216
704201 381822
753681 222471
390305 187281
847747 49186
946533 490650
855377 465734
628572 582300
12626 383804
731216 162730
211986 653332
739404 21453
922901 401118
417620 494148
175788 638677
429995 219333
796120 305628
654709 201198
537072 915878
958835 951812
752307 756107
833550 533789
774997 149504
954706 653571
224766 642472
430002 565882
51177 97963
221563 441464
240568 586339
991522 23083
762418 653153
408225 848891
512134 12930
771977 57574
719008 969041
671791 806321
531324 891986
268376 630517
264948 901830
713659 653124
107430 495353
163413 412111
906561 234356
817083 215874
40486 768864
427757 359425
265863 407395
765159 238271
871300 166222
585963 382199
425100 730516
768141 697850
899617 42493
399932 756749
978879 295146
779020 794621
911806 954903
473812 198131
360282 62497
826233 646800
309494 468569
534261 750726
257361 849020
242445 978789
580544 314829
389964 907416
186451 182037
918286 336570
303791 999840
824322 617466
538679 248198
959961 615641
128927 211074
925206 93324
666082 407445
379633 936693
422955 619392
605700 576442
823748 995106
697491 154141
524620 924340
319720 472318
34381 384811
584409 532689
798209 240330
226427 514885
191693 534842
924087 377094
928138 171350
307345 870412
969039 490627
923613 650254
145732 171880
190073 341088
349690 565984
151314 864805
329591 41645
682512 78420
845153 175808
630825 783375
170976 651886
271508 466616
717956 542829
370289 712636
845586 250788
89819 86118
775287 751125
955566 426340
883160 945722
105306 917413
549900 869021
86387 2468
176299 209976
536269 195315
934702 114045
184337 109660
319907 511600
746811 573833
587419 282594
451590 528081
722682 412055
126166 511825
671741 916966
9292 939887
182034 732293
705861 39557
751369 932415
994499 274428
863847 633945
518663 316346
903360 676878
744583 143359
878511 713263
953165 639434
367174 646044
448003 150819
894590 455470
607970 814248
295831 326410
890354 113822
481571 647189
399336 46216
425597 888984
174601 478016
123078 594588
926215 764266
730582 706294
544393 463986
91966 244910
346585 36206
378677 915352
689381 729226
628695 559040
268966 486096
555219 499238
161435 580971
114398 732767
413063 873809
970808 609950
780658 25009
180041 114395
43399 746903
119674 105194
160132 185664
943090 916356
429871 824989
604984 521741
728265 882081
813084 68502
839135 26732
97535 958043
877674 395982
557524 810686
810713 299639
744191 588733
119502 716040
569478 872354
721731 662822
92517 783683
372062 794041
528326 336739
894215 122843
847969 54273
762739 597978
895023 537357
748815 372838
30096 299520
572038 997233
933316 584444
758897 435059
344115 74738
198683 765017
198297 368995
208890 656991
834297 855366
274684 233206
683710 142053
10799 721202
135554 518642
309283 384741
69429 16918
82792 579084
889637 515752
490657 418750
760478 991919
43767 468634
142360 457143
524319 73536
659044 341420
227801 426447
788230 83630
637097 242597
860856 472691
272395 954054
378934 845960
125619 668837
717351 596337
784409 748789
862037 565500
78183 752115
955024 807905
837617 659308
66344 898692
148952 755289
793390 428345
305749 275955
289 577933
513345 943921
252928 700985
284969 816091
279807 651547
383567 444794
94445 192659
109668 214583
252044 195496
713140 858388
81261 496654
715487 579566
631348 219479
969393 910488
505598 85145
353474 423676
713927 740097
102771 678068
170612 408743
909283 330881
487596 243722
91895 174609
269451 590843
331324 969073
203001 11725
693276 330016
852755 314414
921761 608597
222746 30741
274581 650274
826001 748883
494276 556832
214811 460597
860365 92021
668104 614786
652497 169026
6679 882585
769173 937166
312669 733819
692995 345511
666575 800719
470915 702745
883319 661968
886771 675462
628227 118645
543428 371127
224486 253360
143116 637365
925540 564845
857122 475770
419077 252494
309766 516333
853613 288816
366621 827650
734435 262515
613260 948446
622484 100847
138308 917542
687983 687173
993399 252253
820024 78077
492675 279289
173959 494142
335714 957605
750380 509485
390386 349233
842660 897336
855845 191975
964364 402458
440961 606960
173601 305900
139759 834404
548219 23598
162983 32502
933971 137500
593677 597261
987141 196433
374740 165169
963830 343610
307657 445935
669982 328678
844208 299163
479417 744419
586694 16651
351530 391705
577271 601122
336004 521023
653296 942541
138776 324876
373098 184764
941679 462570
275388 248139
817577 587405
525572 427765
763490 815993
323493 222451
586117 830392
799693 66064
617322 836016
511073 430757
511569 911695
61837 850707
182952 383055
821943 775310
276379 726289
192795 802424
435652 166698
378670 765065
30556 574775
162505 349072
935780 482409
755840 404628
416395 42696
395355 881104
167734 539115
992145 362547
82027 613299
804997 510239
369694 725319
805139 329126
250209 486433
127546 66457
545559 411427
762614 723908
158750 326198
432100 618500
600477 135904
414484 162988
438996 910036
937465 53036
791375 272952
639084 346293
748760 901905
514005 497616
933898 529343
707790 275028
226127 222186
499511 622615
57170 868072
821871 959390
580509 736994
708010 107286
447762 706489
125479 26756
887396 239543
760406 805100
274308 486553
448666 890458
403168 946213
115873 393518
234132 964884
284373 389347
966404 979994
432884 543358
913331 820256
753250 58252
802086 563939
138822 892908
801702 426183
560249 439530
795094 897303
337024 361948
153910 886271
196880 95853
549413 937021
430223 590825
138331 679979
893038 234367
799448 557163
89248 539757
964947 516446
72317 102414
989863 809049
445908 533501
933724 244047
314695 564946
90338 254661
638974 286551
594852 913327
80523 523800
961653 596013
92147 694029
462283 340978
699709 88986
839527 73145
152924 423415
971951 772501
380002 662145
752579 353377
971286 592268
626095 491229
238288 342336
940846 884500
747082 67118
515074 471348
608806 314304
591264 934552
725045 168650
658100 422583
132184 129389
456499 790828
566325 818372
854283 824201
379197 39225
173553 840791
975460 411898
985394 795999
13179 792397
348545 507536
711688 954005
961762 903906
744955 554210
724067 262466
363492 240647
752700 247890
584236 859702
995533 187828
515307 123032
192868 429794
141359 760104
92917 811774
185282 138975
505991 248788
983292 572856
994286 188605
663000 46637
737325 222058
297808 895368
387559 446837
126076 45835
536275 278426
369721 792665
746847 277772
664519 722064
980590 222531
623111 319076
639834 87208
591792 998397
383524 817227
233436 784128
332578 782950
171447 630410
275368 581881
563423 422802
8133 420791
138257 29298
775 654190
926669 380289
165420 181594
642756 448326
623274 313204
432844 171432
14736 402160
498082 817789
78374 11192
918393 24987
936306 632515
858026 763618
766673 12020
216674 772865
318307 942286
705216 594802
28383 983688
271399 194523
340730 948817
778311 294772
190655 142689
847318 976632
521537 289677
817138 801912
129142 797832
842035 698223
91471 512229
254664 114358
535176 391217
452857 501414
513953 602907
734711 4212
329988 383979
702605 357918
716475 628850
84325 376370
917359 584482
