33701 56453
73479 92998
66192 54829
18124 96173
162774 164833
16581 44687
97566 38871
32310 96657
19416 12652
61095 56979
23763 100483
43744 13575
13634 25342
40047 59853
89321 40612
68461 48469
108245 13968
73184 99449
53485 96455
769530 765483
49060 61197
801565 799206
357577 345710
110890 40201
91523 73209
297078 298135
657066 659455
312571 317263
134201 116695
58515 95370
75044 62540
41456 22802
53780 73068
108091 34140
54481 46851
427 44850
8485 98916
24800 47260
157548 152457
2341 22126
98750 12206
40107 1431
128184 130886
329281 323449
55528 109156
42097 43144
333784 336253
54422 96155
664785 662216
252225 246383
79573 55777
58353 35031
96181 54011
66417 74955
86436 63635
45665 81188
876983 875888
41170 41844
19756 71930
58031 47579
29810 107332
442726 452660
989633 989574
53177 64341
37857 65606
66887 18457
49782 69648
39660 100842
27789 17628
26251 97071
38804 29402
866823 867182
90539 21165
87918 104035
158269 153691
115871 131789
46248 15962
476019 477281
22132 3676
112356 55454
967086 967042
248596 246753
21804 813
895915 892669
99204 96040
32267 9328
26557 84593
101977 76021
99599 30158
88331 21581
85076 43701
94919 59108
47500 12130
16682 71468
14560 28784
59788 42742
97307 50996
13782 62734
47429 72552
74783 112129
57424 31204
108754 111674
59770 29009
86960 58792
672490 672189
141703 145379
94601 55605
37184 93361
195161 198440
674452 673267
41684 344
69465 98072
21182 17063
662917 659417
155834 154330
106661 66032
452672 441947
197030 194238
49851 103528
95165 13816
37787 71512
26412 21749
54595 27671
249663 247884
29294 70632
20482 84743
217716 218773
88533 88564
282445 281040
93687 39636
96400 69877
6118 6962
536056 533607
90094 44191
82281 7273
90388 82363
76846 55964
49174 8155
28586 7062
37346 15445
130479 128401
120846 126492
952010 954125
49979 38033
162655 168823
43852 59105
76835 19232
70067 13776
49265 72476
9456 66478
16921 32404
770744 772592
774277 771773
355284 354842
14720 40838
602358 592440
59916 112486
747080 744577
98967 41893
26730 59306
3038 19
611402 608567
549505 549112
50373 39041
107554 11444
82900 53337
12404 106301
51639 5121
221624 213391
795720 789696
15970 43669
990286 985537
104820 69451
73857 3694
68138 57568
36845 102649
51929 64921
238709 235560
60356 101482
67568 53111
847547 845572
84476 94590
113097 46927
7282 49325
380711 380841
84076 56005
26647 78469
86751 64852
97272 48126
49167 62305
95006 45089
84670 23850
82429 65020
11248 93762
60812 107072
40991 80773
591877 593663
274015 270417
53350 37103
991176 990175
583598 585487
304202 304165
78289 55690
20258 51047
43660 65106
67620 45340
51150 94222
66089 58862
103040 92369
67367 49277
24414 66835
792879 794245
46706 93298
2354 53925
28561 71314
102066 15806
181941 174288
675766 670182
599160 595529
108828 7671
548480 545300
39819 18225
689899 690766
749984 748907
500538 500141
78498 62867
96876 12275
16012 50665
172180 181964
110586 67658
3631 60884
12935 41826
103826 71891
26843 89596
9003 110438
327326 332223
5920 11661
75485 50412
6438 111880
88154 96811
617121 620892
348390 349784
10784 29460
814201 811528
4549 18812
11324 92790
439839 444871
77586 8825
33323 30019
1455 86625
96842 93846
167142 165672
26593 102301
90652 4152
225272 217779
800 43090
43488 106064
32954 19938
70748 27142
38632 75794
80390 27136
30261 53079
3363 50617
117068 131917
61365 105508
64887 18495
1787 54818
247516 248468
30545 34921
10274 60089
443033 439625
8448 63582
71831 80360
80291 69484
97098 43635
69849 77238
35559 109506
47175 104864
49582 51040
65673 87817
117114 131998
27784 30148
28890 13844
38457 15589
121831 126778
922585 920717
375589 370821
22013 26569
8661 100320
52992 38563
68946 63632
68019 62338
128760 115151
492991 496995
556952 557066
34949 9630
58518 92448
100197 4962
51651 73295
12182 45186
62878 15189
325717 324643
801101 797631
265049 268682
84865 69522
219969 217521
14240 62442
108548 36570
13877 96212
110933 27952
52926 7811
45134 98525
687546 681963
33170 73117
21565 74193
441441 443797
91612 6124
305015 305749
88712 43510
48955 55843
1883 30343
20637 53770
85672 56299
77936 68525
18268 107148
103795 108554
350860 347740
107735 99644
47851 71829
67897 1656
91003 41412
9407 107415
47230 94880
232045 234463
76848 51461
941325 941103
687172 686071
623080 622904
22218 86637
493928 495103
102192 57319
563526 562763
709648 708548
60243 104172
901792 902627
96925 2774
546692 545864
333960 325759
9801 66512
74729 109041
102277 105400
443271 446893
9110 61901
4682 48775
385371 386446
28681 37111
268166 259070
107479 76631
313571 312804
42398 61273
110252 54859
47078 92547
661412 664649
80537 53494
108253 76491
253830 247168
299887 291711
19956 53513
83454 54025
547321 550258
417259 415176
108296 89573
67098 3214
64876 92716
81605 87908
904720 903619
55245 14159
94390 38515
272 5038
96454 13766
11742 31774
18339 98761
15718 34671
40659 21922
47903 78803
809399 810063
63033 27691
140334 140386
770964 774042
675756 678446
413480 409564
99659 1870
279049 277599
109233 7984
17927 89788
305728 305551
94542 98753
84833 35600
234775 235824
101402 79273
62605 50044
65831 32072
104851 43047
462114 465937
140879 141605
424885 422464
55389 87288
104708 29988
94678 70670
179053 183757
117346 123079
61852 76763
348196 348121
583870 588021
335143 325405
13563 88518
71395 20000
93718 36728
9335 72399
110374 22173
73113 22698
19665 68497
9472 46085
18171 70941
24800 28226
351565 352191
3161 81089
23877 24017
943636 941461
46445 52703
60484 17896
75234 40516
20885 26315
86129 66775
71686 47474
25283 103973
289726 290498
12641 103637
164210 164419
124212 127425
34858 86951
60464 105125
75618 1953
351049 352488
43356 91716
88387 23677
792249 791450
33161 53132
111397 110290
9848 74493
96539 82808
80021 98357
80818 18431
63437 46105
82490 58359
8087 113379
32281 43911
70197 18166
39726 8119
94573 29189
6653 108986
96934 17836
798168 798203
292273 294659
149883 144624
13941 84551
42845 24856
349680 346298
13214 87098
38123 40024
86871 40402
38649 35195
46855 103510
58221 21885
99209 58794
111304 80924
21240 85645
85866 35618
23471 32761
84048 77656
594462 602511
11475 73958
22717 57486
424772 422481
94490 31958
2052 20911
35824 107877
740468 741438
627804 629367
923944 923893
39857 112665
794793 791864
53371 101537
446857 438384
643980 640738
282328 281118
13097 32383
57209 45690
153175 154502
106956 83362
396792 397023
58489 72276
89401 34936
56064 39434
84978 49958
69931 96449
37084 67080
264429 262474
104098 26032
783122 784904
260103 266399
751875 753574
58143 81144
107388 86572
104205 101808
419790 418988
176881 170229
99309 14386
416025 418177
109095 18538
354221 340543
97358 83231
86854 39566
24467 22644
73708 58603
32601 112563
59760 81019
7426 44633
20024 85
64499 109405
110467 105278
657503 658572
141092 142467
20740 104967
838196 838916
48624 51078
32688 108853
28796 97682
88112 28502
109714 5713
78278 52604
67046 70504
54715 95265
48096 57235
109950 31058
49209 111471
106681 83873
18732 8569
49232 89092
76608 75940
73159 12416
67383 76979
509387 508724
38076 92727
133050 131241
6767 14823
10503 83871
52694 110365
1094 59855
534652 537119
3083 76222
1158 44736
63845 63828
62117 17530
111147 19268
109150 69421
24082 22755
38611 34661
326930 336843
123847 127581
92185 22505
44896 105718
180623 174804
962682 961963
38951 104381
44350 8635
17355 32213
181214 173347
28531 86670
79268 42365
63205 47741
77010 43895
453828 458644
76790 59440
12647 32511
147677 146167
254205 246935
970259 970493
16048 85008
12690 53874
30490 26213
14384 50943
90131 90613
659811 661995
82875 6250
26463 70367
64312 43653
328560 336054
86632 8884
69935 101750
65947 15853
46607 93143
37001 6402
4288 77878
110368 36179
85012 49361
36317 103914
210716 208751
71018 48199
72569 23960
102462 113085
648149 648325
26773 89009
5224 21908
72476 67113
147665 149757
151859 157206
66606 39485
114603 131542
274156 275231
75419 97847
2421 1692
66084 111997
98482 15269
66482 13791
1590 101286
587562 583719
672272 670296
325687 332692
26314 92466
2083 67667
53039 56972
573659 571971
73027 81914
48187 104002
78523 101860
61968 66695
72568 13201
72408 108018
106725 45211
21471 45482
569909 572682
82826 104853
343937 351064
225886 222123
73274 43291
334248 325804
48683 108600
111226 11309
86088 101245
80493 38694
20048 4498
307372 309172
85940 96135
31608 76842
92743 60043
102996 60296
56963 46699
102048 58996
732939 732991
410648 409161
601520 598159
846647 846099
957899 958480
60500 64819
30235 62750
222361 225324
13695 110960
39264 83600
173400 182854
339852 328207
103878 58897
213967 226195
519690 520560
70030 5144
69216 83025
156493 157295
9792 72770
40304 29318
83228 76870
58646 23191
75816 555
26693 42789
170550 170158
75818 35713
25128 58582
186070 184753
661384 658684
448482 442235
57641 77174
736990 737818
79357 29780
571339 570137
64557 2800
677961 676716
49477 54231
3867 16394
42283 186
12355 48391
99409 108220
200735 201195
672515 679718
125988 126556
65311 52514
35001 107679
16720 31919
31998 34599
210586 211057
40208 19082
492191 497138
78390 86832
46767 78969
103839 52265
41368 60966
37239 62743
39852 24414
603617 594130
49376 10191
2831 66386
35884 77689
174603 180015
18132 43785
347006 357100
69506 40888
32465 1608
79886 15494
50483 61531
656033 656231
91091 25813
12594 29836
28656 105620
172617 180417
86296 50271
215697 216470
879688 877825
234933 238949
30522 75645
598753 590991
717345 716750
11196 78760
44195 89271
95535 7556
61344 59933
23640 110448
37119 76428
111478 35429
70884 21385
40496 9649
156614 155225
37998 78228
65792 43122
869970 869463
112122 20925
299583 296312
44149 20643
905024 904480
19026 8611
337616 333286
647987 648963
56244 94867
58525 48821
75639 5541
554734 556951
834081 834414
63508 63029
55714 11356
37209 63137
299785 293493
112079 78005
14820 12693
65724 1248
111494 68457
24417 32737
36474 109711
67280 99322
131803 118470
211712 210083
477411 477104
78544 75746
104233 29759
42063 28485
52542 67860
23314 98135
91777 28214
106982 36051
336205 332704
388077 387843
346033 357182
268211 266003
69461 56737
126428 118262
895982 891770
69521 42745
54265 106305
82705 15710
222910 221136
108243 22408
103165 67598
171591 182390
100186 14085
237598 232962
84371 64129
441901 445090
445741 444508
154238 158143
65755 40378
123415 128323
70169 70669
49281 30781
75937 11838
150549 150122
201186 197934
89167 45840
402706 401732
110524 16068
2791 80181
223317 214983
60734 102794
42506 12512
3905 98440
68194 87283
18906 69511
36164 79183
161804 163674
221211 217454
92767 6732
447938 440578
6832 1454
447354 447071
111103 39407
50097 66405
69859 97380
104939 39110
82463 17832
61410 66590
613593 620257
50371 34181
54163 18554
165386 162494
363591 365274
25635 49570
83033 53312
437089 436777
74561 16006
136449 135790
68885 33584
253815 249554
90208 28950
798467 797846
58550 63262
3650 43292
97092 83070
223859 224012
97086 91206
107132 106777
284309 284480
739587 740383
25980 29732
72354 107240
105582 88979
108597 8850
232747 231457
440207 451976
27737 12021
796735 791751
596354 594811
598270 591136
393914 396050
24963 94691
24146 30865
96335 112971
469715 474589
77704 34835
1019 90585
7699 3633
30902 46038
758406 759717
96968 20479
570422 572710
355437 341070
83001 29399
91819 28294
222198 222842
35144 75769
75139 100011
180851 183308
34477 9742
142789 142678
721439 721698
107414 112160
100225 85028
53496 88997
290966 291279
20272 100010
87357 109761
675829 680006
82744 109363
376197 376145
22893 95527
86634 36831
22891 56852
29003 90005
3769 9682
104310 99375
15552 68335
24826 66665
84990 112131
124867 130459
376319 376631
48006 11293
403498 404646
18407 100457
261078 261859
99189 11255
55144 64457
89778 111033
23611 28096
110160 33440
44557 21683
81659 25130
16934 72386
593152 599088
11112 55048
467 42044
64048 91287
30617 32209
30144 100161
106900 62880
107595 77366
70094 91707
114286 117536
16792 44141
337086 338993
13009 11887
11923 24830
193665 197491
112757 68119
182627 177349
7424 47625
113345 839
60031 88019
30066 94885
553898 555789
192503 200913
20022 30410
99323 5492
15712 60100
327944 333427
149403 142908
28987 74301
13228 51459
741229 742650
39400 81523
13724 63186
677293 673015
74910 72778
401319 401831
68342 33806
124479 123343
104750 23344
92169 34943
57473 41758
63942 885
21511 52528
74394 16402
710886 713166
40293 112141
259881 264457
16957 28440
55656 53511
65257 25603
69952 83342
34750 75448
195309 194186
73793 21724
31074 97748
36099 27046
77835 20193
64633 44421
279216 279891
7762 74477
62011 66802
66973 38999
84454 38990
109131 90227
38134 9678
58828 23766
140925 147355
5128 93027
16177 84874
2402 65047
986662 989436
94357 20619
108127 24234
393520 402193
51131 51868
76492 79151
56887 20647
62599 107017
93661 25672
