16808 673
50074 66593
8931 33409
27545 65697
77924 1025
64441 1025
84493 33441
7988 67073
82328 1
78841 1
44304 513
17710 33281
29561 1697
93100 99457
51817 33793
99098 99457
13513 65569
23811 99329
80980 1537
36580 66209
11968 1057
1394 99969
25486 99361
25229 1025
40195 1057
35002 129
16709 1185
15669 673
88125 1697
9531 33313
27723 1153
28550 513
97802 32897
40978 66209
8229 33793
60299 98465
28636 98305
23866 33953
39064 67233
39426 1
24116 98465
75630 66721
46518 32929
30106 1185
19452 33441
82189 99457
99506 33441
6753 67233
36717 34465
54439 99969
51502 34337
83872 65569
11138 99329
53178 66209
22295 513
21610 1185
59746 99969
53636 99361
98143 65537
27969 99873
261 99329
41595 99969
16396 67073
19114 66721
71007 66209
97943 32929
42083 513
30768 33409
85696 1153
73672 98977
48591 34305
14739 32801
31617 1665
55641 32897
37336 99329
97973 66081
49096 99457
83455 99329
12290 1
48906 65665
36124 100001
45814 545
35239 129
96221 99969
12367 66081
25227 33793
41364 33793
7845 66721
36551 66177
8624 98817
97386 32897
95273 66049
99248 66049
13497 99361
40624 34465
28145 65665
35736 98945
61626 34465
46043 99489
54680 99841
75245 98305
78819 1057
87693 33
12992 34433
22670 33441
89554 67105
75826 1569
29663 513
33809 98337
22762 100001
37336 32897
77996 1153
62768 98337
29875 66209
40557 545
68873 129
20095 66561
13756 67105
51408 66209
30194 1057
15681 33793
16856 1185
70964 66689
86677 67201
63250 32897
77845 33921
60809 65537
28652 98433
45204 34465
96532 99873
95420 66081
42010 129
87930 99841
44055 98337
76738 33953
47318 65537
4201 98465
21565 66177
6649 98465
25551 99841
41977 34337
38555 33441
2505 32897
34749 1537
59379 1025
78210 32769
78554 34305
50448 1025
80774 641
64306 66593
70054 161
84631 545
5401 1153
95371 100001
83017 1057
8156 161
15558 65665
53179 99969
87358 1665
27879 98337
74820 1025
83134 33953
23721 65569
6634 66689
76032 1057
60590 98817
98878 34337
79359 1025
77255 34337
14916 34337
45481 34337
69956 65697
37108 98305
40001 66177
45036 98433
61114 66561
29594 98817
98355 545
25358 1697
13730 66721
76564 99873
60918 65665
19420 161
47748 99457
55396 66177
4474 33
11749 98945
5659 67073
45407 99457
39825 1
974 673
46898 33281
3951 66593
88481 34337
13901 67201
62534 67233
17004 99489
20951 98337
58781 32769
41833 1665
33550 34305
6250 34337
66311 32929
984 33921
92041 99489
73651 66209
53230 673
17747 65537
87231 98817
70777 33281
68245 32769
47697 33409
29065 65665
56599 129
69941 32769
89552 98465
27206 1665
80419 1569
59650 98945
83321 32801
22013 513
54789 673
24009 1537
65325 66177
51258 98849
35691 32769
62411 98817
90554 33281
90961 65665
51404 33281
7308 33409
44911 98305
92800 641
20172 67201
34415 32769
16642 66593
55349 513
14316 33793
81446 66209
72221 32769
9240 33441
41306 66177
82254 33921
15167 67201
59305 1025
45899 66049
1721 33281
51581 98465
49353 98337
78699 66593
60812 129
56892 98817
31729 66561
51662 32929
3121 1025
17159 98849
69628 1057
53712 129
29595 545
1728 66593
98796 545
37443 98305
85007 1185
66925 33441
27098 98433
67104 98817
80109 33793
2282 513
43711 1665
1906 98977
67782 33313
70792 66049
97866 34465
29537 98945
57126 641
80168 32801
477 99873
21577 32897
77468 100001
27385 32929
25211 513
28212 65537
19519 33409
21935 67201
80768 98433
49819 33313
11826 641
58029 98465
78035 1025
51241 99489
86541 34305
90936 99969
48049 129
87012 99329
53065 66049
17238 33313
70246 513
70416 98817
24711 34305
63038 99873
68448 66177
41694 67233
67130 34305
33980 98817
95526 1153
74959 66209
11801 99361
87671 1185
80847 1537
9544 34433
85937 1057
97720 673
91248 33825
28360 65665
45036 98977
83913 33793
45990 33409
63735 98817
520 33921
67046 1185
26662 99841
82820 33281
22904 67233
36799 98305
14005 99489
680 33281
7392 99489
64925 66721
57122 513
77107 1153
51704 33409
71033 66721
61655 33825
42218 99873
57290 33793
84748 66593
89880 32929
1517 65537
82763 1025
49040 98849
5904 33281
10762 33409
61467 32897
44558 1537
26956 99873
21495 66593
92222 33281
2294 99841
42233 99841
34792 33921
49153 99361
73571 99873
27440 33409
35800 32897
91836 66081
46044 32897
74087 33825
39151 1537
18624 161
9606 34465
37312 98849
77993 98337
38700 65537
80640 66721
25837 1537
82858 66209
83329 33
74411 66561
85177 99361
72092 161
84712 33793
91027 1697
10791 66209
59365 98817
24885 33793
41442 34465
16180 673
94538 65665
87562 32769
74166 33793
57733 673
47855 1057
9848 66561
40463 98945
43820 545
13378 1665
43837 33953
32300 67073
34760 33313
74391 67073
30049 66593
59045 33313
40151 99457
41296 161
95732 99841
28246 34433
46058 641
93929 66561
62174 34465
9670 65697
4504 99489
18676 66209
24301 513
40263 1
68264 99361
24890 34305
76736 98337
31365 65665
50964 99361
85653 99489
57317 65697
61421 1569
7451 99329
78742 1153
99197 98849
2502 1025
93129 66593
77449 33793
17254 65665
69330 33825
33720 66177
38821 66561
81080 66209
94411 98433
66114 99489
98139 65697
46045 34305
98394 34433
981 98945
45597 33825
67371 66081
6544 32897
62853 99841
76825 65697
82381 33793
71858 34465
59499 33313
52846 98817
68510 66177
96850 66209
19291 66689
85744 67073
36386 65665
86276 33281
11152 1025
75252 67105
32784 66209
66438 641
7699 33825
83138 1
45879 32769
70343 100001
45961 99329
35141 1153
43567 33281
563 99489
41970 99329
12624 65537
17314 33409
27011 66689
76979 67105
7395 99489
87657 33793
61787 34305
54545 32801
8777 98945
74253 67073
75515 34305
95020 1185
66672 99361
56664 33825
84025 513
16855 641
14982 67201
86289 1697
8360 98817
55380 99841
19462 1697
8354 67201
85789 66561
69881 33281
38284 1697
237 33313
98568 99841
47940 66721
69652 129
9267 1025
111 67201
86328 66081
25582 33409
7937 33441
45436 1537
66973 99873
19799 100001
74588 99841
69090 161
29091 66561
66613 1665
72113 33409
51952 1153
3322 66689
55129 33825
28601 673
49755 98945
55195 513
48633 32897
58778 641
18633 545
86384 67105
37154 33281
98522 67105
9819 67201
66901 99841
74121 33281
33600 1537
27145 34465
40871 33313
4600 65537
74619 513
79453 1
52801 98465
44841 67105
86386 65537
24516 66177
14879 32897
18562 1665
28049 1153
49441 129
18771 66177
40252 66593
5870 641
72470 34305
8173 99489
52126 99329
98851 32801
11244 98465
25870 65665
41395 66689
26393 33
9525 1153
39520 65697
81563 1537
3726 33409
5950 66177
37323 98465
60094 65569
85123 32897
26367 66177
71024 98945
66640 99841
8794 99841
59179 99457
56772 67233
51356 1153
68490 98433
67121 98305
10313 1025
33348 34337
32852 129
25812 99873
91737 98977
29608 99969
87867 1665
41413 99873
14041 98817
34258 545
88296 33953
42252 1569
92695 1569
51139 33953
19876 32801
94293 32929
14563 98817
93237 673
83874 32929
27485 545
54120 65665
99329 98945
263 33
5717 98945
92173 33409
44001 99489
61399 129
89546 66593
12301 99457
52193 1569
14784 99969
69802 98433
46222 67073
24514 1665
32532 98465
45820 98433
46857 66209
64255 99873
49815 98977
66538 98817
47298 100001
25761 98977
80192 66689
54175 33825
14878 545
94785 1665
6751 1057
45000 33793
99610 99489
55365 67233
32813 66689
24135 99873
93584 100001
14260 99329
754 65697
79322 98305
65254 32929
36097 1057
30662 1
27492 66721
42921 67073
81688 66561
55473 98817
55642 99841
82952 32769
58446 33313
49475 33281
96177 99361
25827 129
23345 66209
85980 33953
68130 65665
59849 32929
5618 33953
47839 98977
88930 32929
29969 33
25200 1025
59830 67201
3489 32897
2820 65537
91138 66593
80319 99489
80684 66209
91121 641
89962 33953
11019 33921
79947 99841
31479 33
25064 129
71507 66689
78969 99457
4120 34433
49678 33
78954 1057
51854 1025
8272 66593
40205 32929
28033 1537
83532 1
9469 99329
52611 32897
67271 67073
6266 33793
43280 33441
75328 98337
25364 99969
75767 1
3084 67233
26185 66177
44157 98817
63665 67233
57887 66081
44925 99873
195 513
36768 66049
6911 98817
56806 65665
79653 100001
73586 66689
97807 161
17961 32769
10404 33281
1086 66209
48586 99457
30485 1025
55201 641
80101 33793
28200 99969
4429 99457
93918 32769
87803 32929
56579 67233
20790 34433
60596 1057
42320 98465
20722 98465
98515 673
75707 67233
34627 98305
23802 65665
97645 1537
23259 99329
3132 34305
60721 100001
61025 1569
80509 65569
19398 33313
78315 65569
34000 1537
92534 32769
80540 34465
58822 65537
76537 67073
14663 99489
14494 99329
74989 33281
6839 99841
64892 33953
50561 98337
44093 161
89776 33409
30414 99361
16637 33281
23348 33
54833 66689
28929 1025
40880 673
39055 98305
32538 67105
4422 99841
51035 33409
19417 32897
81939 67105
35184 65569
81097 98433
70525 99329
60364 100001
73013 1057
72203 98977
61537 33921
2209 65537
8032 99329
32096 67233
13113 32929
29938 98945
15686 66209
84382 32801
99909 98817
99440 99969
96120 1
75000 100001
74516 98817
59923 33281
3981 513
26886 32897
56326 1
46995 32897
52603 33313
28481 33281
92835 67105
98882 66593
33459 67233
74993 32897
48652 66561
8543 1025
49636 129
21873 98977
47323 33281
78442 98465
85780 98945
47161 33313
64956 67073
29365 32801
19314 100001
34329 34337
19856 98945
3882 98305
99905 65697
77617 66689
48865 34305
32123 1057
4944 99489
85119 33409
52189 161
17640 34433
70344 99841
36220 66561
3318 99969
27783 1569
47860 99489
35591 129
44011 66721
53016 34433
28543 67201
48271 1697
3009 33825
31100 33921
38214 67105
42952 32769
3503 34465
14954 1153
17917 33921
11870 98305
23504 33313
74330 33953
13383 32769
9353 33825
32527 33825
78756 99361
2953 67105
67423 513
43787 99329
41880 99329
78891 99361
14687 673
68828 66561
199 129
70818 1153
73477 66561
31564 33409
6384 1665
29723 129
32792 32929
6143 99873
31554 98465
22381 33313
64916 33441
37111 1569
11559 66177
11434 34337
62660 1665
17563 32769
49755 99457
33527 66081
27596 98977
81178 32929
69159 66177
6021 98817
64728 33409
59463 33921
22938 32897
46058 67073
908 98817
94259 32897
17344 99969
22282 67105
81458 98305
90118 1185
85625 98337
61460 66721
42217 99329
96852 32769
92923 34337
38616 33
51362 98305
17232 641
26124 1665
87445 33825
96239 1697
59360 641
21266 65665
18388 33
63949 67201
15425 67073
42776 34433
34990 1057
90846 33409
57258 1537
13262 66721
57105 67073
57032 99361
84687 98977
38644 67073
5649 99361
97318 67233
70126 98433
7864 33313
46681 100001
60980 99841
86815 34465
72190 513
94906 99457
13615 33281
79309 67233
69450 33
56030 32769
87867 66177
58986 67105
77519 34465
70580 1
13384 98465
30560 1057
21175 66177
22676 34465
89437 99873
42916 33953
13014 65697
72493 66721
84084 67073
25848 99489
32707 34337
42307 98849
4115 33313
84471 98849
28618 99457
22305 99489
49664 98433
49899 545
48657 98337
53013 34465
96281 66081
79105 1
52074 66209
92980 66209
48270 66177
5632 34433
25634 32929
52521 1057
77598 98945
36872 33
93321 34337
28019 99457
20518 66593
12614 99329
91357 99361
88595 66721
35671 99969
21650 99329
76426 67233
91892 67105
81218 34465
42655 33441
63902 65537
96393 545
24971 100001
56188 65665
31566 65537
12972 34337
71161 99489
40776 161
69695 66689
31535 32769
34415 33825
40424 98305
73078 673
25628 33921
85575 1185
98840 98849
68184 98337
50531 66721
82607 33409
2013 33409
31939 99457
5322 32801
39228 67073
24461 32897
43488 98977
11582 34465
39195 98849
51296 99457
33420 100001
63444 98817
68707 1569
26594 32897
31227 1185
42734 33313
95297 1153
18062 98337
21378 33793
50523 66593
1053 99489
55181 1569
57152 33953
94974 33921
30418 98433
12466 99841
22740 1697
25008 66177
52431 99841
37826 34465
8328 1153
13498 67105
58226 98433
98823 161
32554 65697
69469 1
37425 66177
74278 32897
80501 33921
31602 66049
30699 33409
14550 129
77128 32801
60 66689
54671 32801
7225 66593
5021 99489
5220 66209
38696 34465
25665 33793
95119 33313
13724 33441
43755 99489