758513 973146
432835 465378
245440 669724
258686 582776
5136 953118
70009 97274
541992 834012
794471 933680
583895 598479
487782 514205
595541 610218
621121 987777
244005 333367
62533 443235
389526 554497
697800 834574
424562 479598
729685 856484
457801 467938
157540 961372
82502 494342
198156 678679
300824 983816
206266 640799
486546 549066
538767 687742
172178 267545
318104 577352
678568 724872
116402 240227
450555 840770
11975 379516
388500 514664
361201 427849
311037 542307
527254 891245
394557 616945
730777 914704
609153 939032
52781 580062
24143 802424
48901 371280
942277 948718
59836 782761
805433 820019
402794 924696
44558 745173
472087 927237
359961 728473
86742 239006
355277 832366
94986 659536
208054 958320
139033 280136
440983 833742
149293 883026
215304 852548
70704 268527
199430 795265
246224 723728
114962 227679
326228 880922
307081 766997
14929 62686
713785 824252
375101 903884
460107 839828
554723 814504
693532 711096
541217 833743
308624 964196
624986 890699
421320 706758
182804 911735
480310 881208
177428 594737
579910 983550
544492 874354
455639 630486
532047 998989
113347 835377
297400 504560
826135 829900
223410 628532
322103 751744
24891 327785
142252 747150
202336 618287
464220 918021
227655 980623
541258 699370
381363 706670
43313 937655
751748 950145
293246 869202
28684 412635
416533 619799
637443 787538
657409 871766
844231 913989
719812 811605
831173 955364
146800 200861
285284 911168
369958 492157
321744 848813
570198 912342
228376 741275
25801 222422
529631 763695
249747 372574
714431 846972
17629 418539
252067 610047
65870 147012
138791 590186
711442 958474
7735 129068
152395 432538
26554 121713
107566 299071
727072 768982
353470 648551
340784 710760
206163 547511
159555 449984
8327 847293
761609 947964
496352 607050
636326 681490
298728 435152
451035 658605
350862 591650
877107 944303
277846 312752
117691 563385
584958 727347
55048 225619
277821 463153
643810 776009
137525 759025
459235 968690
234309 676392
607941 655658
304258 909197
9668 283913
494157 570819
123018 946260
306748 581594
653648 993972
263869 980099
214844 829102
607076 876491
338593 919556
268161 863169
83946 897352
251658 610594
229970 338548
252166 330132
240932 913946
51543 510852
919936 974643
307271 530676
291626 928123
480753 677161
197058 546592
192687 459484
300096 674047
394784 688421
552538 804208
96975 960965
148876 183783
387138 510602
279849 795786
324034 675379
47307 315270
159170 308151
307401 328897
770336 786104
204653 530186
162823 875670
334142 656183
408195 579855
78918 362349
287749 394983
80992 674850
97316 224147
173512 956068
89415 997513
934008 965505
756841 956361
220271 687499
60353 106407
301478 449700
497582 811270
229345 740058
713594 765896
45104 907601
342880 485172
912794 978606
98819 813966
495407 947193
723964 877298
347501 608376
286968 339107
416378 661574
505372 779500
622527 725051
16405 704645
199466 795796
77726 903502
286259 292242
804087 813767
347367 964372
250420 739694
203274 787967
273514 339994
376978 891623
199028 719256
99798 592846
274184 324983
699045 718909
677828 695738
778503 990812
162221 250521
36101 918728
983638 986509
418979 717569
162343 641120
181717 614181
314425 557136
219735 652514
172511 312436
714364 792119
139127 458837
90082 297315
463815 789505
143967 533403
474957 849302
597342 687279
79950 567026
373355 479682
126072 269547
401094 855353
247164 877351
717221 895594
549422 737566
82292 792494
337506 899935
189281 717302
218075 515032
777012 846202
814056 960108
337254 909275
625256 630388
331153 692458
439030 912854
191177 665386
224461 589507
477843 730888
202859 230058
689404 691525
126629 679529
842479 949774
336676 905334
6797 246782
526646 620134
616709 771160
600076 961154
51265 278623
193026 454997
651589 977420
431087 447889
896062 986185
82720 348006
329550 711157
61538 808141
73331 487795
293164 298724
34276 580954
817804 862947
532394 890737
915348 939857
473404 969579
254966 748386
209037 418632
695155 736049
546573 703717
196359 207170
431406 472322
26651 786875
389377 806215
391148 499151
189921 198453
836246 901696
197707 577918
481135 716085
127469 811049
453285 577361
529285 663871
369062 384981
128773 388729
649223 923156
477026 560800
193982 630998
120230 637854
322205 782782
703641 928014
284700 505459
82481 220891
342542 764382
48938 841867
488221 558610
34535 992746
118929 345373
214020 841095
537976 968924
750901 985161
500704 663326
300211 836805
422587 744729
588824 863655
131261 604351
490978 950384
757292 972620
205232 678951
672321 995839
401159 606582
301278 445964
265215 912648
700453 828746
546224 780622
329019 941964
18251 542461
387253 624555
555622 626817
142791 336673
145785 825013
647277 989394
288255 682254
42762 218114
61007 216875
38470 297127
135299 211852
321077 907670
62748 133505
733964 909113
753851 802890
49885 96327
561431 929713
203485 518942
336131 955852
54827 180854
716437 863853
356958 596139
93926 343445
415089 935333
215936 916251
471472 834221
700800 846835
681917 802748
99617 663001
359478 871807
609824 802917
6513 592245
438589 992428
544789 746770
759363 801635
16940 219009
67113 571093
540154 716221
262404 789430
57533 849832
124720 902387
98011 797290
90097 319721
15431 706305
233796 254161
414977 774688
513136 538331
415541 820886
571246 798356
544731 646983
409542 646878
168893 837466
27288 871157
99152 158281
231602 402940
152111 655246
27834 378751
162897 716671
440843 699650
374677 635827
474913 995813
173324 674125
169402 817966
156376 927685
225244 338173
271605 688539
97223 213710
848875 850633
408164 910025
219979 799549
235564 500472
113836 304435
49820 960309
555971 773848
443764 652995
45129 390582
47231 306260
707069 723080
534065 927797
624299 734621
411826 806049
410151 876573
557511 759577
721700 773183
393362 971182
700331 970815
399348 856545
704667 920934
10525 793935
147775 803679
437156 593007
323548 423145
11726 867839
324977 697468
133592 178880
96576 649498
773326 895590
737806 864040
481959 539499
692920 806339
3124 818064
269025 349859
708401 853468
547271 810575
586149 829001
370118 551710
242116 588721
726441 781316
212998 736647
97845 933230
611275 730695
208141 965658
429401 635252
193296 971014
114711 204065
165013 982070
31006 63995
507677 752668
538544 570492
633505 978397
387183 671083
454698 773459
287762 483884
319513 429076
34987 143469
205217 942511
73326 114190
297973 790988
117185 429829
269668 379546
269212 276858
419540 681331
259062 763649
328830 868198
128655 430273
242719 735735
985774 986230
110391 395004
378480 873842
432422 682208
386329 565064
189727 622209
232875 456927
350655 881755
266563 666814
73257 162585
716197 760614
3995 647594
266900 910638
181497 765720
652791 745888
750519 916847
515808 832526
73148 300983
345582 698024
583642 933832
45456 935700
468965 704993
820383 941803
64513 849859
442475 455740
550229 645331
322780 492266
708047 911010
220044 455784
231732 927143
181264 878895
496932 536139
801768 962877
354250 924230
453636 577755
621045 664214
597173 767224
712615 845066
155020 604819
18329 771506
705289 949449
156774 822929
71392 118156
218417 533909
738770 744928
356874 965655
126613 412511
695394 904568
170478 944895
49059 774909
652668 808191
114370 698683
265571 872789
541440 882060
401784 947101
307006 826937
215287 921238
241598 565868
44813 603134
811013 819067
517781 705892
372842 611325
667711 846636
740995 846787
197129 846527
133745 481687
97559 583067
106077 607171
535702 801812
2280 828936
157695 717839
661315 956072
224562 454615
284101 469695
40843 610034
269079 791940
663011 818321
718822 739303
177016 789752
265861 671156
50367 822598
175325 419576
469817 917062
228000 237951
268266 281937
536954 865967
242062 993174
70576 511219
208793 993156
54491 282789
695816 870298
377544 606708
797339 814603
480807 559171
366725 931900
41138 793144
476032 562717
109010 770484
485687 881833
755423 813950
414105 561177
3973 781923
617201 624607
47021 768098
928359 961032
188087 419953
813704 849015
253159 616529
408732 638374
773704 945727
366012 586590
107207 630511
97923 922148
457601 641706
337860 408441
348369 841850
410653 568103
202840 412654
1227 495356
856979 970054
646798 726194
198837 536780
659958 945216
153990 464439
355790 745606
610156 783053
602155 928813
80315 822062
156185 615071
4401 230901
207962 519009
444196 869885
313687 836743
105530 872505
315705 441845
625557 998761
75639 337182
238117 858751
216903 230625
428833 534322
287486 991515
749543 828406
22806 391907
585266 820350
178936 474589
75131 882071
320368 517045
504553 891275
914059 946476
623924 749770
65541 742949
243813 742438
378290 700874
347441 516414
410255 717278
522782 845738
244762 835597
296688 326402
911723 970973
706113 966371
72119 794520
672345 789034
744298 929487
629149 880846
323881 992497
270056 909341
30134 797987
492671 747332
11851 422314
242033 849700
169981 290807
647672 783865
356824 951984
166312 257450
345546 385235
521796 979322
536693 843846
389841 418905
34863 109798
473672 527502
285512 833472
76834 534870
610639 648599
720708 815316
85483 627989
640185 666459
187237 447641
858187 923790
89792 787427
758324 875356
55581 335397
765568 822561
437412 929573
179576 583068
419280 795894
708297 926111
464261 855471
264145 925560
75887 101966
173040 450395
307690 700179
796042 797562
383045 820473
645671 837079
183474 931163
514772 863261
218482 332102
184907 369086
141111 990089
399156 727582
72517 78634
479482 766094
127995 849000
756804 941103
508310 654022
4158 121257
123362 321563
550342 634055
197900 382785
86056 844246
713173 859754
108186 358184
299691 971632
58767 409681
201599 341907
729526 853378
548662 714597
16427 875361
230441 982346
185534 463596
812452 850092
83044 231559
252794 617835
156633 388831
167870 866897
304401 950605
18336 315070
47294 58206
743204 865285
70309 805563
176519 794451
159385 869736
173848 977295
100792 400981
276715 492679
109453 137939
110382 758609
549584 838890
219895 811139
2419 963375
537620 645083
526912 694635
171755 641741
543875 568500
15997 714089
154758 165929
119647 589395
487021 930341
636037 811529
239845 786429
22389 43635
191320 659482
301362 780601
538475 706262
462105 791790
141117 503698
298269 685851
111137 518180
472502 600848
13314 613672
766061 769904
682561 690182
94643 818548
282710 808769
276558 785996
369105 719326
120303 635142
4462 929990
685816 894845
35533 721198
100579 529732
471414 808870
540338 695133
311778 901029
73765 548740
49066 276179
274670 502298
461268 691440
400427 630129
61002 564105
92594 834938
527946 606233
354934 425686
636989 916313
278763 713588
239472 309330
332006 364360
184396 971780
242974 321213
152592 889401
809390 917125
333246 798642
245453 428616
41135 316323
290071 441506
2694 156844
387639 851824
186593 896043
342117 589236
481965 823117
325021 836479
420519 851186
179838 434929
770167 960413
64805 858001
667315 755414
1033 212563
93778 339575
133495 904018
382100 403374
539552 802089
606617 635007
13446 191550
26428 450062
408166 492765
367115 426054
610785 908131
14288 363704
247362 609128
42258 681323
12048 571071
552743 744397
38500 742762
305406 485278
225485 660472
524621 837605
384036 388683
313401 848262
310579 974021
357340 775055
846467 996293
68663 520823
49840 901051
68877 328524
627706 754711
293116 412045
36242 594066
221721 922286
62874 740098
390754 761653
153579 412032
103664 561903
352948 602063
389374 401915
463803 472906
581684 709679
24172 402835
722918 974473
226547 941791
179317 532927
10881 314092
413161 769921
109063 848029
147828 231334
671776 962989
235640 331792
620428 748950
465017 486103
264546 504038
79076 842287
226597 635261
618602 650542
10865 386380
666638 847929
125927 450008
50790 782017
329880 839894
475908 714869
30275 727585
461707 794173
463536 958367
573233 824706
716419 939576
749731 927943
533995 941016
504678 595190
132759 614067
225640 380991
777279 849807
643316 652598
747651 893614
18924 153805
164512 272751
423569 951676
238605 284214
600474 664790
7659 397853
428976 603293
618052 851124
551019 981550
85519 563497
154399 815391
144910 363871
48189 672048
217281 459547
503344 613092
305372 458582
494728 829671
374185 490169
197585 387354
40739 491388
426079 610560
731186 998035
122635 975179
115107 541640
152879 804214
279897 330212
520135 586884
40036 999375
318541 733756
110182 739911
580406 753730
49503 595312
217400 616948
438618 647449
49743 907913
56661 793381
834004 903940
750204 995600
369951 803958
528915 960875
363171 808696
87321 266912
470695 887538
630664 818411
215014 506437
367076 383392
711597 841308
316704 838283
497492 981142
181790 635383
699973 808455
31231 787825
412324 563797
21409 802412
142539 862184
313204 468583
333806 368430
475157 510243
93649 585144
67234 743701
820271 852768
537663 800481
102635 982776
706429 998647
328166 710076
65572 468263
599499 617915
169775 884263
297320 900182
201795 452461
604503 607645
227416 280338
538281 865383
256226 391106
207267 263360
697397 707705
357736 971753
493826 992733
263344 652648
125506 988790
37902 536559
661655 993594
741195 876596
963944 972431
255686 332523
262331 794829
252897 255792
447392 475993
314687 672433
294306 660798
87185 332946
489080 973696
105260 635447
301314 737726
251751 911793
164767 814839
464570 739717
61016 164261
17027 866612
636651 971463
61097 413437
591659 696635
701092 709266
70757 113438
499165 545307
66480 860302
182563 653484
484581 925801
509789 724684
131421 234016
98394 946023
747760 797099
17688 358120
438320 655778
70544 347297
70865 395233
82270 141068
363099 482665
532098 917463
501730 962925
259374 314503
200317 214750
15505 471860
109040 504678
121729 445094
470205 948568
28006 307293
337368 732565
262039 381556
94744 505101
87370 852595
243678 912432
269777 372656
384989 391673
31949 856043
713207 864130
40288 964878
58261 980670
330468 610740
102726 519364
