1000 1000
10000 1000
1000 10000
13484 46058
15496 75051
88352 97626
47360 62935
3143 17069
20328 76369
9487 77539
40339 65404
48425 93373
32976 83938
85736 89546
50494 97022
22174 94451
2915 64586
25661 48666
27615 48049
4940 6360
7783 99913
3709 59143
14338 98028
32246 43156
58445 95751
81747 87161
35053 44248
30477 76942
2451 13182
5892 94019
70583 99134
73309 74137
1081 27913
40519 62409
10710 71524
27166 89022
56224 73833
49045 50727
86563 86835
74813 94989
50230 89609
95311 96151
51213 84831
26266 63819
2380 96734
90 76458
70735 89740
86994 92587
42311 90705
4889 72967
13757 71736
87320 93772
20216 57552
36350 85819
97419 98912
25125 66036
21643 29911
12471 54912
7969 68520
13247 73791
2648 98940
42683 78988
26833 43692
42111 94558
39336 70055
5294 43878
1778 63055
35777 75454
39776 46536
9645 97118
4372 39049
9976 59779
52129 89209
27217 79198
43920 81827
8290 27070
71161 82036
20287 27396
59464 84150
46326 86305
52755 76063
53918 60944
29793 34389
44678 61002
37777 42371
37076 46252
46305 69815
1792 84611
33770 67613
47134 82467
42906 83006
41130 91358
13407 65220
32500 57169
3149 18223
46941 57739
43790 70227
71759 88340
49659 59736
19988 82877
8726 87620
3381 83068
19977 64986
57942 72524
47693 52522
52140 81411
22967 55472
15832 90885
69454 76286
38430 43724
30284 67920
31798 64532
37485 63368
47215 99276
3401 72226
37147 38933
5914 52306
67830 89448
16817 52625
29110 78750
72316 96508
26853 77841
47039 89495
18238 19476
21826 42385
15405 70453
32366 93802
2025 88374
8860 40611
68662 82688
2354 2369
1710 77277
28813 70149
35388 59906
79520 88382
4554 94507
48584 88211
23055 60480
10078 37447
29970 97049
3646 30507
81111 83344
24543 45320
13139 78885
18880 86553
8563 48380
31562 41036
6136 34994
61369 73899
8970 51089
6246 31169
28223 38892
29178 89265
82329 96589
65516 79745
19574 98980
72139 72620
1035 10301
1739 9564
78498 83164
45038 65806
15020 74732
12301 94320
28719 84721
31856 59126
26457 96519
28384 95277
51502 64143
3734 45216
3458 28820
13891 78586
29249 39886
4640 18287
29264 97094
23818 80990
39571 58534
31922 33565
30162 79569
15414 37583
3080 60665
72921 97796
77401 91649
53434 87384
29691 67168
76721 93765
61896 70006
26113 47079
18583 50394
60608 71289
68571 74038
4201 77681
6127 65352
53829 84129
15260 34304
1851 92301
26980 95292
26535 56963
50536 98105
14804 86637
32423 37135
1112 67243
8826 68360
4038 31044
47602 64600
58085 61800
50880 52281
13992 92109
28564 77694
53151 73650
35693 68231
38743 77365
29410 47753
31390 84998
86658 92564
32370 63972
10519 96622
24592 32528
22578 70317
9689 72179
22385 94960
21267 97444
9495 78338
18356 59633
19719 94553
10897 60735
72947 95783
29039 96840
22809 97168
23078 35046
20234 76912
45689 78791
27568 28049
39799 76938
46167 47248
40984 74712
10495 87370
38017 54418
36866 53077
23751 66155
13786 63925
49908 64372
58812 71592
41508 77332
51291 89908
6236 66512
75634 83754
76052 96785
55036 86576
25900 52791
34670 62348
6155 23366
13368 69283
63565 72426
50425 92644
64011 66917
35725 46411
36991 72926
13084 92044
42985 53137
15350 60399
26657 96584
4785 90532
72853 73452
32071 98302
24828 37297
30070 60044
65227 84263
15213 71319
24172 99645
25256 72553
20680 21053
7690 91795
24018 64173
36744 91363
32162 99823
33598 64892
61313 83844
35222 73225
65565 82001
2865 30916
63047 96926
54455 87059
37573 89751
62504 68277
20533 87954
13644 34886
43772 75707
22959 98122
75002 89356
3199 89622
293 90912
24175 45558
28952 41302
32620 95575
39472 67505
11638 56718
22725 52371
4288 62393
20708 61995
38566 75059
28606 40744
2694 7446
35886 36805
6494 34151
36874 63541
49551 90733
29032 67428
38975 91774
6765 93359
45578 66063
4396 58055
74144 89120
52794 53618
17722 24275
15794 79852
3991 26763
23593 87564
16739 28092
46536 79607
41037 46254
20001 96233
32731 65572
16550 29157
770 48503
41313 88520
41307 53977
18603 70738
48378 69949
17156 67875
83959 85051
1211 47682
68317 77510
45236 67455
12885 25965
16388 59348
32200 76349
73988 76707
4080 66658
14470 65097
51744 63270
25257 96291
2630 94171
33378 46947
25557 86475
72210 88175
21269 67432
27547 92745
55275 55704
29649 95762
31240 98003
7529 85864
15509 87853
25379 47438
29076 47680
2204 96505
11025 74138
30977 97195
74550 92255
79970 95310
3228 56302
8579 27783
9512 36227
31710 93470
47559 89774
26883 95192
83404 97221
6555 75369
22521 82578
18680 24212
64422 75667
36584 94648
11874 68024
70278 96699
4043 86557
16927 24252
33250 87409
25207 32233
4738 97998
27489 81275
27523 87978
9447 85929
33378 78555
28695 51232
27782 86780
26475 97142
2045 26248
22864 27185
47890 80005
44576 98658
664 39281
37621 64340
75084 82854
9817 35004
19559 84948
28013 60493
34484 51616
40083 66490
35405 37778
47919 68739
21647 61344
18169 23057
7213 34796
67878 72387
30602 31235
57985 65867
7946 66856
52391 66030
65005 79576
39262 43295
23069 69261
52441 94062
20592 39660
631 83497
84133 88095
38981 77937
7097 37980
4454 92176
69751 84462
58136 58431
24332 39582
16830 44172
40123 54982
46988 71100
29880 92625
18877 34815
30963 37234
19778 52097
12789 77308
24247 48088
65440 86077
65204 90733
20867 81097
5464 21071
7596 91887
29523 61079
6062 55280
65904 99854
11561 30946
30610 44502
20859 89476
45443 80945
21758 87324
72094 81049
29085 60216
14649 15306
53538 61316
74878 89380
59027 95234
43819 70773
30762 82487
41134 47226
21570 50292
32063 99664
71361 80790
63205 76942
77825 83590
30978 59083
37572 93617
50237 70375
8487 95071
84588 94259
27440 76711
24738 57875
85852 99197
67770 84747
44759 76296
47885 69675
38909 60342
53775 54904
62583 91828
38412 81819
73733 98083
51477 90035
16641 87575
1318 37440
52501 78604
35783 66818
62870 63322
4738 62076
25534 67353
9042 42188
78174 99642
89363 95665
82786 96045
57229 68954
6214 20451
23724 84943
42781 95556
54894 66170
50842 64767
57808 90799
28648 64578
2783 92390
31502 97883
51875 90756
10818 64004
15991 85995
24740 32336
5457 58627
25031 47944
71923 95317
46030 49016
23995 40916
10053 56472
41135 57552
16613 68212
7316 52802
12956 41802
6631 52886
6657 23866
25625 85053
11778 47618
40642 46866
16590 73676
35235 76690
7824 8791
10545 81369
11254 74943
16902 27553
45260 83408
31560 78579
40464 87118
41092 53475
44238 50368
21889 34326
36605 54940
16628 84662
91629 98023
939 42180
61573 94386
47453 89549
27012 85739
38897 72067
32418 96617
1686 77016
1439 70378
63826 79269
15511 54612
18580 58351
54010 72232
25008 77106
48494 97791
5798 73614
24824 31324
77522 90356
24140 94994
26818 89593
23444 54511
44488 64993
17703 88804
10004 94853
20063 55722
34796 38481
38490 74985
21298 56968
30748 37471
39013 79941
24244 52993
7017 92464
11936 68017
8800 76907
9558 10867
80358 82909
54259 83627
39974 80541
10837 46507
14606 31202
71132 90024
62570 88022
16752 30947
45741 62357
28861 35814
47019 84989
1685 40628
20137 90166
68021 77648
4541 51990
51635 63752
4198 39899
84862 87930
9953 38763
37911 89913
68869 71137
9120 38177
66735 68530
53718 62438
70569 86226
8816 47027
52 18654
23500 28096
47461 62485
29335 55094
51805 85601
75756 87995
54353 91862
20494 92524
17788 26169
83349 90178
38069 83280
20671 39690
39304 44662
39818 89943
31811 56151
24648 73913
15239 92035
39587 54514
56890 93722
42140 64768
39648 54002
26717 41962
4665 90439
15378 69140
59044 65930
50423 60669
73615 75452
28873 62423
92301 93645
40275 90964
81626 99187
51921 84853
5403 19962
19758 94775
9935 83591
2604 83727
8832 51151
77281 88745
49385 72421
32076 72281
62950 90045
34858 85120
5295 82307
37775 66080
10765 38410
53513 55874
39506 83054
6278 15766
5638 93055
18240 21801
24507 89313
23616 67863
25123 26530
30518 33078
34248 46053
52835 73390
57023 98353
95580 98638
49911 86584
29594 63007
60009 76455
69437 93894
21328 29465
91666 92398
47692 51970
61715 95270
21349 34060
23381 46320
39536 86035
55218 75183
34059 80828
3026 32911
4679 94553
70444 73738
23366 86893
32532 58387
22839 28769
49843 66937
72393 73473
68244 82910
69451 76554
38453 99229
49236 86647
16015 63902
31464 59982
40537 95374
18741 58826
35874 61078
47885 67183
11168 37161
2631 65645
64288 64728
83400 92114
14199 68090
74367 98911
29086 91695
10186 39223
2007 15165
35886 65496
84547 91079
7470 65446
6091 33238
19444 75985
67070 78798
1421 68993
72456 82511
25609 69059
59640 82300
69378 82953
4150 71363
86738 89314
37155 42903
54013 60143
34984 84988
58922 72560
65656 72265
33942 84737
45446 83382
11331 76700
62312 75629
41275 52184
45985 88027
43481 84705
41341 86232
55644 69944
20327 59140
52521 64604
4593 71663
87399 98351
37829 99007
7015 87063
78283 80204
5719 57909
37606 73221
50223 84560
53058 89526
15205 31478
8196 70551
49595 92495
65880 88778
49353 74975
28547 30234
34218 37509
67540 69771
2176 47376
58956 92558
15768 34500
77241 95371
17293 22691
11886 37349
27271 65058
92533 96349
70966 79519
19887 37686
20482 53552
6529 14258
26326 72910
57413 66550
3108 66653
68392 73938
30480 48932
51564 65938
25108 84123
10366 31837
12518 25913
58207 96513
27237 34694
78936 82157
73193 83631
3484 12293
8200 97746
8237 52186
27099 81672
69914 75736
34807 53386
60418 81685
45726 90578
1372 83440
12454 20662
29476 59305
59313 59926
776 23181
22636 84215
68139 76025
3112 69734
7981 19301
38547 55368
25124 77778
19099 36205
57905 60967
16781 76647
47837 81770
28310 88645
25313 51407
10687 81233
4279 72217
24035 49376
44662 84231
58181 61553
51334 67895
47768 86753
29589 66816
56323 91745
22826 57614
12568 58681
20312 56995
10956 22740
14091 46423
8471 44011
18760 97767
17934 50441
54437 90697
10920 22885
76881 79120
50022 89968
22113 87014
10414 19855
10940 98683
6644 55815
30938 55207
7272 47921
65819 91720
90170 91265
2260 21442
7654 49367
11990 92327
54561 58266
2119 91005
18064 18207
23066 72472
57386 63795
20221 53680
5503 69096
4038 33281
41369 53580
16499 65519
14645 43387
55511 57802
47464 78208
28423 33337
26564 99799
54826 88891
55202 92916
34494 76053
46605 84178
10704 70103
62408 85988
19645 36667
41969 89774
8423 77126
28002 69083
15030 41940
48514 70588
36074 43727
53302 61106
61767 79728
17561 69023
3646 15005
3207 21269
67206 94935
50626 91948
18871 58538
34265 71377
38472 38869
20808 68474
5185 92609
10886 83105
52571 82252
68091 84223
34388 53461
11168 35831
34811 39633
34952 57730
47091 73007
36758 87631
55338 64974
35412 47853
56102 66400
24068 69153
7947 73758
90750 91032
12900 93824
41609 72635
56429 75889
11073 71210
42705 85539
41154 75387
18109 69267
88252 88950
33021 89833
29325 88169
17146 30996
5192 6808
31463 82601
2457 92658
61387 71971
30632 33801
43272 92677
18506 51253
1245 65883
64512 65955
24725 41241
44809 57438
53800 89005
72489 76391
20770 91516
68563 96892
48187 84207
51207 95374
53883 96263
26615 69757
63 60935
52529 84143
53676 98104
20906 64768
49903 65954
58815 92476
27093 77357
48497 63344
32132 77365
7123 34141
6925 54165
20379 56474
13628 52893
44805 79787
40011 78116
70884 79597
65536 88046
35532 80285
10616 54375
15267 64961
51626 70433
58310 59978
26416 73424
81616 92313
87659 95314
44274 67082
75194 80856
40142 71918
4207 79467
3478 11068
64144 69836
28786 67976
36741 69087
80300 80412
28838 53728
39416 55232
76340 77897
78326 81902
35132 90117
80389 100000
2537 53487
23993 64249
20166 54630
13426 24700
13155 26556
36448 40557
238 31287
54302 73443
49337 64385
55049 90292
37988 71480
75178 97853
1288 12565
50320 96931
38088 46928
2547 76201
7601 31611
82081 89639
49950 62613
9732 23932
66199 80001
35790 39930
10359 91326
8649 97906
51449 68584
4746 77730
45876 54515
36363 55863
17914 75423
60534 66467
9449 69515
42794 71781
55442 75941
84417 96524
7418 51524
56158 87573
63557 89881
55742 83018
20843 60904
53806 80488
23921 85888
2753 94552
20946 40573
3594 38122
26256 57841
12196 98560
7089 9572
60636 63216
2264 37909
22238 30796
25419 99230
11552 73157
4426 79017
32541 37106
38078 56543
75096 92327
65665 90235
62688 88371
39972 62312
71198 82304
63829 70692
