91597 53257
22276 2288
31637 69988
95251 56438
83012 18395
73676 3194
82289 49518
56478 90219
29275 81179
66289 83445
79532 60197
78703 4480
76322 50175
59853 75258
11432 53054
22663 55886
58175 3029
89369 44939
17729 6164
24559 972
20518 17094
66612 14588
4807 19159
339 39443
22888 34083
10632 66628
71109 2420
52595 5687
80945 63783
16837 28801
84687 8729
28110 55852
791 59214
65378 17479
18451 34873
51967 6290
37230 38969
58129 18579
58022 58389
92472 58468
41448 97262
99682 19456
25143 28909
92693 68630
97431 6089
14818 25882
81735 98470
57685 42929
60408 98878
33751 39415
62057 95212
34181 85718
20650 99287
57677 8662
83482 78672
75935 66501
85958 24931
53840 91969
76951 11101
33542 46533
88768 74382
72853 48361
7642 70503
85733 30538
86305 84402
95966 19485
21555 48363
64002 30148
55162 42205
37230 21679
4533 38645
63576 29517
21486 6843
17944 33768
96654 98438
89172 67839
32552 85422
72277 62025
8915 40194
40948 58010
93847 11573
59936 36915
83415 15403
57608 23938
61970 38577
77222 11190
40707 82855
89698 57150
90919 78546
93336 23994
91833 87573
89347 82508
60886 24385
80931 61624
35986 86153
14078 21880
75147 29834
61589 74014
14305 58562
13491 35549
46740 92627
91834 7066
64216 87447
82345 81532
5526 71487
75412 75681
74542 97360
38097 64759
42735 51780
54285 19029
40909 78722
8556 68364
58730 16056
90970 70145
5694 89387
82014 4461
11527 68786
72586 90200
71732 92096
63583 54931
46965 77259
90971 55348
20107 21507
89639 29068
48097 62843
57917 60276
28640 5358
21414 66473
52970 3723
93110 28736
33198 75016
43803 91477
81677 61077
53173 16389
87672 53410
47021 33109
88457 34637
72496 54344
99764 24916
4111 62135
22412 47862
69572 62028
44853 67404
71127 7339
36075 14175
89192 64238
72067 69273
46703 49347
65736 53744
23506 99876
49337 53408
88046 70527
41223 54146
79063 76894
39030 40988
5202 99526
77907 77794
61550 74774
82113 22760
36936 32678
13268 34541
20166 42480
91827 85335
39079 66869
83098 57563
27323 78938
49465 32435
2934 31721
8616 7041
48029 98349
97875 63998
58144 53231
44357 75782
14895 19694
68724 42823
77364 68183
10663 81992
83679 13882
80752 18842
92757 39111
18049 80202
12637 20080
68154 83866
90907 15571
13920 76770
57120 38936
8519 28148
20282 15264
34958 69229
12052 35177
3360 20035
2027 5768
19650 30375
49217 2059
41170 16754
96956 41974
78407 75571
59437 25946
41517 46561
39683 50345
89281 71790
16290 96803
12067 14153
83382 36572
71750 63377
99764 95434
17554 91462
38190 1792
20203 37204
70311 3759
45734 61373
36944 67267
93213 40493
87054 12733
63078 51083
39225 43089
39892 68712
82865 55515
92087 68311
48040 82599
94385 80189
71652 47805
65949 11939
65495 26194
29953 86152
63877 35806
19426 92039
32532 17173
29906 12639
80074 35938
79027 9337
78049 19299
74814 18919
3582 77266
59865 66902
47091 51623
99428 54250
66189 35095
61289 65377
67881 48036
83843 91243
83282 48110
65283 3269
32260 32167
68105 11541
20878 12335
31634 47133
82404 98927
76193 22801
89703 85987
37610 52410
6660 53146
88242 53390
35119 89201
37238 65883
73478 3000
51110 37433
57054 73113
5280 32745
44286 5666
18001 89737
36870 65165
80444 65988
5141 35627
21614 72990
41752 11196
64342 75576
45318 48413
53966 68936
34820 80437
99789 7556
61341 8298
97763 67251
99996 34747
40414 3043
92781 60634
42151 74767
57107 46003
81630 38948
11938 62248
73444 19596
11524 70042
34807 54139
23075 56842
37279 88774
12682 74247
98898 53420
20671 74024
25123 96661
16057 37019
14006 65537
40305 8838
71193 56157
95105 13764
76013 69176
5124 23395
9790 65809
19948 16649
73491 44597
33371 43024
17271 27123
96895 62406
52782 16169
29183 17567
70938 77905
43443 45240
54078 84944
57454 100
13864 41623
27151 68911
8659 89877
72039 32276
48925 18449
63046 91987
35011 38768
82243 12770
75176 68635
1156 95491
29410 27958
5863 30339
75579 348
1645 49306
65758 46009
3985 75451
44362 79623
85852 31136
63412 69373
87822 57891
49879 28689
83810 50869
79991 1242
86229 82405
77896 55167
99477 87386
17725 7306
7655 5340
70999 9657
55666 25652
1103 36757
32732 59651
90788 45465
14839 18585
92828 70552
99242 19013
86234 59059
60302 99404
81809 66225
37744 46531
50269 59706
67012 37221
42562 67995
94004 91019
16671 29913
66670 49670
25674 34126
95944 15755
50692 32814
3366 27135
46148 43520
2580 18960
18364 32383
14960 79234
42117 16526
92584 52705
89926 92387
76734 59596
66968 48840
78753 70738
36760 99991
34118 61776
77531 78786
11600 46414
73549 44575
88095 31319
66631 19697
68432 7027
2613 1348
17874 83393
52450 44731
53470 10458
86406 42376
7569 30204
17294 69726
69718 86322
64450 54054
49193 20188
66602 58333
2908 60793
8464 40151
76200 7356
14383 75096
76444 44633
28026 33349
78080 10670
37480 80476
39204 31550
78106 23886
93613 46773
49448 95400
65806 79683
99871 30250
88584 14999
92145 82825
22976 91492
98848 609
92057 99176
60161 29584
62933 68501
95523 88187
85015 57365
5267 33003
56890 40572
3697 99725
11477 66855
46538 69497
99748 93635
8635 62761
45586 88332
96176 17132
34093 84914
442 11377
57313 26151
11004 60604
65143 36598
10315 6528
55883 66511
23435 15582
15307 29125
95980 27132
12982 43136
36771 58870
37983 12730
17414 61758
78890 99921
84835 29942
57671 29336
55487 1630
78586 14984
67934 82843
5723 60081
42944 78249
93831 61607
90732 66379
9864 25490
68626 86713
61935 22846
51928 5398
67156 99919
99840 85694
15636 62399
91735 1028
2658 73308
4644 63574
46417 97596
74029 72579
50828 52141
13748 16974
99705 61012
2854 20832
7545 9569
48767 71481
93231 85833
85752 17047
2741 76739
55490 85592
86620 18378
8038 63577
27151 5630
19578 12682
1613 89921
42062 93608
10582 52442
29806 72162
92994 10287
36209 32660
20493 16892
2725 1328
18376 30076
23168 4829
90421 21117
55847 78658
58588 93394
15376 63885
92920 85739
75660 34955
28563 94533
63327 34074
22588 55497
82136 93133
42146 31935
65179 34697
36026 78991
9068 67904
89085 70754
91871 48588
43598 79506
89252 64071
44308 2186
4278 4629
39584 37228
31762 96290
30365 84499
39996 11441
20927 69305
1240 38484
73182 63073
58416 66419
50675 9208
79962 83836
32424 39760
35619 88185
52256 92375
94561 24871
29500 96565
50145 98839
95130 85436
86287 98259
9701 41847
11152 42635
81120 30628
10053 12393
95164 54302
63510 84821
68658 45840
1952 59824
48009 17434
9809 37571
62443 16618
29535 4371
19562 8295
10084 79680
77940 31044
72891 96371
39007 3993
50973 396
29141 20127
74429 61026
62199 24305
86497 54291
14115 30857
48292 88450
26021 62124
95094 74453
78824 4816
13112 24629
20662 14739
62135 39548
35919 98602
2595 35027
51775 91278
27757 53568
30946 80916
21573 2186
72829 93145
40355 8071
12873 86944
65421 4999
79452 38894
60063 60515
1497 74629
89368 73175
29075 22159
20761 51503
2882 81346
72625 39708
9628 71009
51925 16734
18921 56926
66423 89851
14274 8102
95047 23130
28129 27147
66041 60468
37335 7582
98563 26104
15631 38832
60991 4283
55786 61058
42405 98104
54164 75021
46030 31382
48116 80144
53422 14308
20511 83389
91492 19846
59328 34785
61932 86539
63359 87458
11392 44325
86782 694
55879 9955
14238 18765
79824 16870
31327 86376
77749 22229
53611 1843
81988 40132
70792 1727
85117 51762
87960 91303
26088 76609
79500 47289
34747 88020
48697 42859
59905 62491
72446 35479
54245 15784
49007 3036
89412 34069
72650 80334
82177 83514
23646 26261
44340 80517
32280 94438
85741 29457
22418 20240
83881 28181
16201 1918
61129 34980
97471 81250
16730 21035
36819 86269
89305 70975
21396 85826
82512 95070
94936 94046
36659 81042
77911 18582
29372 80999
26809 10191
46784 15113
59646 65579
83850 47017
81998 92199
73449 44979
82366 79469
82091 90179
77506 35538
21364 87748
82818 98902
9300 20229
1271 94106
12688 45959
43311 79182
5726 42060
73525 86472
52051 68862
15879 33171
25370 52253
97233 97877
93699 98820
5351 95951
31489 75790
63538 82858
98112 69206
89435 62709
56815 23765
86076 7058
2592 85856
44268 29387
15859 24670
93532 34146
67317 84263
36516 25764
39993 9040
24212 50101
62405 50044
42186 45915
28773 93894
79452 22077
84786 43238
67003 85239
92297 57953
60161 53079
98819 11242
35912 4430
38576 31030
15293 45797
71561 22245
47637 68162
34615 11554
77951 88201
34117 97020
90915 20137
42214 79242
22480 70367
71959 43352
17658 5835
58915 64256
91850 77819
98601 74086
5116 27763
73560 37177
75775 36762
4924 61473
89379 39764
27966 39539
36560 67330
87468 78435
57677 43827
30546 46034
89387 80158
85993 2505
83114 7045
84864 61260
35346 74964
19079 83466
36995 40463
77225 92639
70464 29122
68887 98501
38040 59844
43526 13205
91640 90952
34779 30994
77029 49317
45827 81678
84183 82768
89813 48173
9433 67297
42262 91029
90847 61132
17947 61341
70333 44195
73317 11524
10025 40797
16993 58556
71761 64417
55370 60520
7866 79753
45423 6501
88179 1247
84015 91250
55775 72363
56012 90180
81210 81561
42693 14626
92320 72057
16252 76992
88516 62653
19802 5922
64478 98541
62958 36796
13668 52592
48697 34680
57534 21534
22782 94120
1723 45713
34428 6797
96978 57498
39059 90441
5067 94540
66597 81752
75096 13739
76392 99202
5124 63612
62153 12547
65695 85954
54898 41464
92496 79363
897 3596
97716 50030
12096 23679
46829 99439
73290 46524
53317 60159
54699 12349
10454 74737
88476 37648
36850 85550
49163 81221
93768 58326
60633 27668
85484 59463
38826 15531
19127 77981
44363 56075
96107 33196
48987 56459
19336 42936
19447 22277
34627 72653
47390 74146
11794 61433
46983 52219
33440 64997
23323 12498
40167 27208
3023 308
15840 42003
36336 58201
14276 51319
84515 80700
53511 10383
69671 49855
72132 72847
45501 89118
79616 23111
84544 9243
77814 91411
72760 47880
76730 11254
54814 96083
12744 16897
75253 57837
32390 28584
96255 11589
92289 46667
73402 97123
46978 45801
35000 59426
64896 19110
58574 96853
22449 44513
35924 59470
23702 263
11518 8684
21119 433
33682 82684
40522 50215
78799 8935
20525 89264
35931 91407
88530 29166
91319 25686
1464 35508
70970 26320
23173 66360
10873 45896
5367 45622
62238 63149
88185 29069
29502 73756
72792 25657
75872 63185
88472 13314
18931 71024
62431 8997
54516 54862
96900 50961
86469 45835
88507 98364
64725 73791
19688 28033
90007 91950
55100 25055
70476 52245
42353 43285
68942 99979
79516 15146
44812 44815
15839 67988
93338 63743
34958 78270
45583 47854
10041 31858
46575 32052
22195 98549
42934 11300
19602 41883
83290 32941
85187 74702
17988 53767
53746 43892
59038 3282
48097 49614
17602 3851
67594 80288
74910 27292
75146 2552
50763 20493
68897 1540
16441 97338
24990 91093
32976 59375
8668 44592
35647 16267
86386 10207
54100 69987
73269 56484
6098 13138
33341 37719
34359 40052
67345 936
19840 9270
29763 58843
60383 86955
645 15013
6106 76824
52551 41987
2932 55434
88053 61220
71427 38579
8566 74439
30923 25527
38666 98187
35906 53373
93426 72007
89295 70266
79536 77123
35966 25488
12443 25651
40664 12702
89526 29441
71428 63122
34909 58430
19650 74360
29291 22962
13754 91077
16605 54209
52397 44677
98051 71623
59982 88303
58569 7829
1304 49278
91118 54457
96461 37270
66324 19913
49354 53477
16600 72203
30633 37135
27847 51509
90823 50283
41360 57139
11348 4577
65607 74317
45940 63745
68401 80010
87839 22275
87905 43322
14132 89143
42765 79023
98936 10593
64070 9090
81293 64643
1778 97022
64883 11926
78561 29625
86764 72059
76636 19921
10591 14465
94562 42243
22253 56531
95158 62963
6286 26444
31939 83063
62086 20418
47363 91057
16499 77375
42018 27785
41160 97792
26070 60148
89773 6043
94454 20983
40904 92890
7355 71091
29686 67847
24379 18269
81233 68292
94736 35889
18953 3871
24289 43028
34085 97391
74766 88004
15789 50584
64728 33136
93284 56949
79345 7150
28133 99410
92300 73799
61242 85389
53237 16007
34276 90929
59221 93968
29857 15509
19380 70309
13337 48810
46202 60021
48025 47422
14358 37320
70457 80167
37116 79086
86236 80093
79503 32813
6613 30721
16111 88155
4162 67855
75136 69348
79668 54791
86652 34357
4667 9525
58336 22385
82406 34356
81779 20890
74562 46784
43303 96137
91576 45019
41465 80419
29585 94164
24886 37320
