672406 280931
511405 285218
550637 238257
702614 600417
252342 321904
690032 898233
764967 545724
843838 568956
583999 205114
474480 43103
934001 702167
852729 242897
488 824420
846502 881380
60666 470334
113737 572071
755552 664374
810329 409592
216216 14096
731497 133419
223069 372954
918679 826916
508418 454103
497207 917457
636491 301361
111779 636979
77207 958282
469784 137873
380041 583522
709944 87019
199321 471699
496611 415538
485795 179534
548958 708865
552488 532036
648327 422592
310378 108171
876696 293834
42495 325328
162717 678986
626690 274497
267390 703897
184204 737175
841771 564245
272123 503140
651265 471444
886983 412061
278836 387367
72351 831324
919403 720678
205342 181207
828849 33463
475042 871345
358792 637759
912256 769147
640805 47886
457748 434001
612132 729871
937142 214822
152741 863407
226893 592961
378517 299245
375711 249346
1019923 581053
430553 800198
614517 905595
622968 973309
494780 76150
910217 358461
845297 502447
406348 254471
936448 1018480
984342 825016
184728 88509
639848 498853
79659 866742
43239 458176
117412 418950
707522 88761
1000004 89501
888960 565946
995097 463354
490680 441302
539504 352322
799764 336227
854770 157537
590698 742644
127443 526466
519085 312172
614975 110359
811025 694635
977101 854265
104237 45939
224640 811760
134700 176070
901261 1023661
742016 847783
438440 184122
240511 977944
265597 342640
149238 856295
36709 276682
334187 555795
588854 949163
666154 351304
595223 594681
156994 699461
640621 381635
462646 775322
557706 315333
750408 251147
114542 140273
435269 355053
69643 971714
346754 335240
265780 495992
142961 302490
772674 477148
858285 312953
377737 475865
664258 972961
21971 821253
623847 662593
154314 37919
389340 712020
353252 91173
963167 467794
231446 349862
822847 301089
273002 121026
636330 538782
617019 779291
841272 341119
207865 650983
654072 585603
78273 269756
509989 100245
42434 85262
762838 196748
123181 103603
908769 476433
194777 823362
944227 426223
124650 718500
727313 397652
839527 315069
936435 407971
45786 729133
749090 253652
331541 354588
839255 409815
624344 300670
510061 666779
385932 224324
863528 509113
327928 723722
985547 522705
498509 881200
948929 623160
551125 627668
1020812 342077
942737 908673
750049 988524
589231 450565
193601 920773
805153 1032856
282014 380923
284951 792075
1016399 862655
131423 295753
537803 68395
818459 1036313
949595 718813
610898 452146
297907 583136
794224 192070
443234 495699
132019 1032466
946264 325620
904664 702843
309901 138103
35191 594853
930178 34319
217163 898003
896975 348586
145182 386203
416982 963641
373941 318003
633880 984840
770149 931787
519401 515799
75283 962635
1011498 207302
946526 909188
532922 802616
563456 842824
940720 598648
389103 822324
632967 606266
671752 481367
954853 816935
867571 323260
732001 192938
641263 317307
129203 362838
200520 648604
878637 275803
562665 841561
483105 460616
702174 1016028
214658 217056
810278 106803
815704 150806
929127 400097
757073 552305
881465 663351
320665 700461
986611 4092
893399 579300
321399 1022602
942138 521919
622632 772201
797722 136722
565188 232253
597339 218788
199706 811997
435844 1009984
918800 202974
112216 799353
603072 869289
303083 435962
484065 623748
87849 422102
627841 981249
1001402 949240
955277 894966
422585 529334
618592 171733
666056 135206
403986 214821
353994 603693
1026818 789839
565102 897044
992813 677319
647822 547311
498033 950905
983274 982099
526079 22548
355626 105345
1003797 308454
6011 910499
154846 428596
391259 773439
600329 8741
908645 1004316
223562 214064
559434 201806
1003903 75962
50275 948142
753281 698098
446878 202740
600429 381577
136264 77934
404125 491891
183280 359348
800346 189291
221273 955192
617887 612532
680056 169642
621274 540126
125383 844836
754191 684817
1046642 709519
760780 48343
609086 465486
746441 7390
668226 298296
388967 804491
376230 793093
247807 559510
748801 325140
954771 318114
937673 586253
487757 510372
77804 613141
306634 831995
249384 304701
492940 1010164
353045 53452
427075 50912
60842 46727
349208 449810
851218 725439
194329 50451
236374 298197
50030 985176
623337 1004802
254716 512436
542480 742473
1022809 620284
307040 280868
403705 556424
585570 896646
518013 938616
950098 945089
989528 1010941
991816 290162
412177 794460
1015601 606507
844911 203401
904704 894942
140002 479467
851169 394719
991903 345074
88618 966138
965359 395658
198431 320490
952082 784002
168561 421520
674043 70085
318034 614996
32452 261276
905158 444629
7161 872185
2562 852073
27011 907266
698440 167013
338158 501034
561732 281487
846109 650350
199050 762893
1046009 397481
34809 949516
132908 203370
322462 806951
273456 640497
373373 305908
901773 229957
750538 908934
53567 753100
712433 80578
611791 362298
247591 949950
863333 809324
182862 660867
411100 381912
375186 408534
779394 409995
309476 912303
613366 631938
670680 886822
223860 1044054
144156 77058
225436 894694
985993 279003
599219 649852
359581 162436
1012150 607173
63811 826908
367923 246673
439201 779023
628586 814388
138983 359406
175808 448459
223135 789175
31822 893815
627422 255682
889294 771578
332741 66156
617698 270160
345159 168342
920012 704741
330779 883588
263339 394590
661922 631263
641264 52548
361711 221276
866936 500694
580683 1042745
949153 803818
783346 980976
649058 362194
188084 489778
85198 520826
555934 702896
790987 901094
871239 662424
557260 153443
497438 820600
548034 110785
403288 140724
163333 765000
362000 1030270
217120 942683
1024441 117699
697927 759212
50100 298410
72831 238185
788189 158029
759011 295549
860926 501423
148069 683590
115273 705329
837033 612711
477355 336493
723497 880644
477217 886830
597069 839218
868526 814190
733327 844393
931889 382679
555030 981990
681090 627862
171600 420704
785891 930611
716254 598242
383460 864323
233258 498733
521078 21717
62870 998434
358210 786367
830503 835428
624623 378998
626071 444575
144613 310824
240393 27928
693503 795424
1009918 326018
374711 132943
746723 112028
14980 414403
710270 398440
230151 943529
897174 751230
965246 960045
701089 274881
697837 483018
61735 273886
862016 687806
718461 1006630
998631 958855
1034559 643559
705704 995902
969578 31840
80271 667726
143868 95252
33554 854139
493693 263706
749093 342292
1014936 665764
253762 667451
940646 951600
101894 1002381
176912 963911
641613 895373
921967 591669
805653 907951
186653 462782
855279 107657
494623 935550
775384 638491
1030802 808939
444055 475920
24070 144574
818213 1039007
810338 23401
657883 702410
975002 759778
656216 103339
675114 249255
998713 548506
840924 755792
407883 1027578
170000 214587
86660 664623
101563 862044
254540 83791
622408 698595
559712 646479
843170 329351
636911 604933
352752 246220
258769 279180
1005998 914985
382519 632538
115666 332657
132470 956590
39874 540353
935594 209875
754941 1022254
874498 856504
835724 80463
940296 409558
779059 451434
7462 573654
780785 644374
130013 84963
890595 388782
364143 848018
255193 746662
431982 370859
30745 564452
278875 70620
56230 165894
280495 811172
139574 106419
619102 975298
186882 510823
336282 965942
962257 343745
491021 694468
988120 621034
779431 830140
1009817 94999
629584 216435
841662 12991
587294 872408
577443 866169
943028 633674
1032064 174949
396271 123063
281369 1015374
49787 468251
477622 386069
385618 391305
729815 876640
37198 669360
449099 816630
450925 410342
911629 31934
626777 704717
44926 165497
528550 622369
1031667 423004
207469 1015156
597954 603741
89644 879323
570540 139432
299000 1048163
525502 684618
390894 206742
512684 428093
876102 961783
196148 278453
323551 59203
310388 950328
763920 355314
67251 243896
977684 50343
666900 136579
16925 216280
740320 106570
47028 262286
246002 346028
261874 771504
1030647 652769
978246 494756
32287 805774
407965 228435
35652 731516
287638 346040
633270 2984
701355 700521
246880 630464
750865 913781
767043 767791
81486 458789
874361 128514
721075 71788
474543 982950
843293 456616
587144 772965
951372 619431
530164 310763
847867 565817
1042280 86931
911857 626975
89915 564638
278922 336795
146527 1029788
202001 913571
749004 283488
323785 574790
412003 1044860
646579 886546
979236 441298
294587 517805
165688 197385
88662 695853
508149 936529
213095 501854
1023461 76378
80255 64801
641016 359178
401597 787544
340391 603599
652540 40821
887087 976325
615612 250515
972611 213616
88487 903272
654915 383075
372503 820604
580460 461165
467882 40034
349120 680978
541889 324006
757356 622144
388808 349797
981322 790405
88766 273139
345429 741307
313960 183942
669057 929572
434458 593094
94614 522945
447791 749529
906020 820294
521558 437906
232885 989441
477941 582005
621844 1019831
906011 330625
593400 246245
680423 526148
1036650 769190
799287 333505
461922 64672
517447 82405
994244 951906
675499 40284
426276 74715
789813 283722
895010 262797
721629 79320
203663 150996
661326 825507
122252 518763
107558 715653
765008 787982
193226 753083
508597 992513
38014 970520
8611 555462
4350 1002856
458793 679850
1043140 885070
754566 784378
120218 601002
1047176 841847
680322 202264
992844 293074
1027772 66521
811837 86756
782174 528270
874738 975400
232779 334761
919339 270794
256706 927950
826256 261057
882231 236474
940908 876797
72970 646899
612600 193188
199326 611202
1035036 879649
813466 979305
124148 792664
1045827 935986
879420 779426
415682 705584
706252 648462
1040345 577017
919256 248477
456393 696937
509535 290050
933412 401868
118272 1006382
193 730873
150996 199520
293500 137457
30595 58392
68188 154743
851056 65441
42155 681902
844868 457837
338911 502545
57724 330681
30988 976980
579159 487381
625343 40120
777431 510180
441988 895703
467988 442182
578002 618984
641702 871502
756442 672298
929894 824631
827041 732375
890072 869197
365703 686365
278459 704614
140336 336184
1035296 171324
264590 565880
658706 889933
606000 387562
351539 1047989
234691 819527
441597 812693
389936 34725
635621 97804
707023 516940
922435 485490
200741 763932
306112 566444
401722 584572
222484 542059
920757 209205
713383 136772
775086 323514
1026706 332512
711077 329670
331927 945769
100622 773524
709887 490559
808250 296934
588364 466698
813874 462224
952189 1014616
177581 209726
532486 579304
794299 754970
72788 666481
964175 786172
803253 690687
61112 781385
1023199 772189
62480 306551
669383 163103
31501 330696
653663 839752
627630 193452
257875 392930
655676 161490
358971 833258
371216 891458
363988 116941
597853 436777
783422 513454
174374 538101
155567 235487
270911 130191
1007677 333391
436743 628486
496495 468245
959182 101583
259422 538238
295035 517298
931169 950712
678788 241566
735396 1430
84449 50809
118371 682303
487586 901793
147182 661961
391319 302749
897448 662230
432941 856551
995622 869685
436462 443542
289355 347069
545126 548778
885308 840162
17501 767902
742299 696289
1009468 429120
697719 45343
479930 816091
727646 967516
669309 874828
580903 12054
129003 429777
674285 561945
237753 621333
383055 674215
16301 672411
1021285 561427
172614 858019
353015 190115
577346 46740
886405 538240
475860 535550
583583 955791
303067 262654
874733 972376
88908 407061
984431 217912
836839 610142
779857 26017
182900 114338
700233 199201
786749 672943
760629 959364
482387 65069
100905 11159
111809 987310
549400 587670
474286 84408
494886 777353
347063 321044
701155 435972
728106 637012
653885 516370
198579 385167
542388 381479
499506 194046
580680 237680
866990 292735
148469 300802
357804 249374
311962 469613
188110 861362
8709 662397
945771 503596
391176 244259
824641 43756
680232 504172
680768 285542
1020543 879347
670710 514357
212252 121641
708403 792933
359322 526818
37093 507792
827621 394897
757167 91008
864511 945277
952370 873221
559100 849566
328242 950276
45251 104308
994033 725483
608481 626226
1011026 580449
456999 633161
46231 669252
754803 754635
413610 65550
232879 450703
573343 11925
845601 281935
102934 661538
178638 6729
486184 737738
856296 814427
639439 901548
918735 584898
578457 478641
162549 540908
10516 619549
125495 56748
240226 880298
811384 653836
945849 1044263
55965 470617
7613 901566
752553 110547
514530 931191
117277 1000715
620355 973574
766567 211220
826547 636727
796118 356429
66794 958668
897338 77311
529643 1022833
134059 769869
854557 945443
375131 751831
941132 431097
173874 948745
284089 926428
10718 798619
809044 127995
750759 380825
52995 468751
592045 879542
56904 339588
187397 123698
249682 36160
201010 779325
10419 335069
500620 864976
231938 875751
568233 124496
258274 742107
24666 542363
619961 35385
292407 380430
163381 1043166
761256 216376
463343 304726
47343 520247
644315 234740
643946 893997
270901 844956
624747 281320
131451 76793
97721 363390
952544 665954
487886 162244
359487 512553
704607 979448
547938 997014
311304 711319
991606 23986
927695 406374
328712 975039
926622 973028
161205 521993
818451 432107
318375 394624
713427 449826
471417 811149
813217 375387
428529 252529
537631 788017
765082 193663
718891 264446
142102 1030196
975765 85134
5607 854886
491509 334320
781351 369556
258773 942556
891550 28649
326088 161351
423273 1039516
611177 894690
802090 375820
221503 182045
628349 759134
970062 344856
952797 640378
609303 46325
621999 536494
131459 627607
342805 622968
961927 75582
992525 172125
1018138 835501
200775 295652
996852 624049
286594 559455
470165 40109
935275 691668
222155 515050
402227 143642
859907 306450
784021 420635
352775 357446
957129 484235
985053 251360
58629 898405
326942 2579
21956 296506
838080 222732
592158 786357
846781 878752
297237 268371
918862 183938
960039 92443
698988 313692
236085 510320
620142 1020107
930955 972918
328979 839510
408578 265457
42295 467207
115288 369237
469786 137245
665743 259292
359977 209327
1045650 158183
39505 294313
426555 958368
478251 338020
2236 128665
651712 238322
638985 223280
209854 521366
147623 538833
312301 556201
804291 354596
1023409 919580
723834 444621
8250 341002
703913 368227
550330 700989
