97467 66601
573317 570492
298490 295499
103348 32172
741222 739299
66249 86990
40743 53144
14412 59479
110294 11017
110991 76376
59426 28067
80154 68977
897525 897490
755199 754552
80308 19593
18859 28828
86317 106312
36421 68972
382853 386966
22765 34986
33062 84303
98738 110751
55382 84292
51735 38602
728802 727208
46007 42772
58106 10946
410399 411305
111544 28656
561859 564350
15033 1842
40403 84506
17808 70847
61690 10947
717774 718116
59476 58976
491586 491953
91583 34190
743872 741933
617059 617320
122980 126381
23856 5510
88883 67764
438469 440610
11735 48628
547597 549373
90086 27710
78592 102296
58531 81198
69232 21743
86469 57911
130908 115381
400044 402260
24605 80261
39129 40072
356264 345318
221743 216242
681861 683403
62315 25496
112466 66343
826693 825604
46017 31600
24745 34596
294732 294815
106407 68339
720910 721894
66444 104712
32073 28806
35733 37545
100857 3296
71774 76077
108354 56791
26160 95022
99538 57602
95731 57229
46588 67183
525963 528136
226967 231367
52927 45042
53762 85739
47928 51019
17881 52630
31639 89965
87997 112818
116840 127369
82379 67609
104812 17630
233950 233336
66975 7619
744673 745105
44526 59720
46852 100161
34307 4251
95475 44353
170506 175400
97408 39758
57537 48410
991219 989960
113010 64317
594339 589799
27132 31984
58476 87092
45611 100013
37287 50500
899758 890075
73077 78111
36381 55389
7311 25014
45021 111985
451587 437372
46326 97107
65891 50415
98998 81283
677006 679784
264944 263121
108375 65039
74060 17516
103472 1914
105642 90210
291039 291747
10076 79917
30407 98543
40354 69113
51959 78317
110978 11521
94790 85212
333888 339042
21542 104178
10050 81244
111781 63429
3253 16623
36143 9905
29219 53912
34365 73005
99955 9051
568285 569560
393429 397543
119007 117422
74103 19720
49480 62372
51253 102609
3739 4845
142757 142894
895067 893007
413022 408507
99138 70689
6368 5895
93100 70398
156306 158061
86920 52921
68307 100736
542711 541094
598393 602030
36945 9949
48839 68815
13725 99231
604451 601833
367310 366202
118139 129451
15452 46758
130583 119446
5632 8328
20955 59940
56565 88276
274890 272062
170461 176316
351039 348729
30696 77941
55724 106377
917012 912950
42097 56704
400521 398185
339482 334586
20722 111883
598800 604293
599735 597359
22544 95512
129901 129940
111096 75388
900489 900138
89281 32889
783691 783325
102875 21934
95785 66648
896603 892347
51018 46952
3619 61092
71129 74543
191675 194081
75788 76485
938808 938255
53473 65626
66674 42201
42692 95127
96221 70846
99186 65571
55200 51113
122766 114880
73008 40816
60205 32764
62539 76129
91134 105001
321792 322250
88735 49726
763093 761011
61365 81532
92063 35683
78112 103851
338687 336905
629186 629124
303798 305589
8260 61198
8842 100449
2459 31241
64415 35909
49917 100115
675529 677146
109392 31425
620858 613805
327565 333348
42754 1544
98303 33949
706085 706918
23703 67599
35739 23217
498349 496193
226342 215184
99178 91087
469325 468672
50764 71179
112276 49657
685500 682426
2352 14294
65961 88551
73291 19633
105653 104393
51854 101526
89884 541
12073 66400
393209 400696
56729 78899
99732 39177
945 37679
75102 62316
74328 5744
112101 2149
801947 799500
83769 43890
357351 341093
458425 458436
71896 51990
35157 99628
91869 3289
54723 27239
80540 98250
434 77993
105581 361
76563 15475
33022 22776
34039 2144
692428 692304
788731 796729
568581 569808
110462 95570
110469 46654
295982 294594
60565 22205
73821 3884
109890 78348
48331 11482
191858 191337
46490 8207
438054 447673
109081 78461
22334 64779
23095 79871
28169 5286
224606 221420
768905 768726
236788 229039
78425 31671
65148 34356
400723 399625
128523 115872
881134 878456
11167 40325
50318 53979
209252 212039
72602 54256
96187 48304
99795 23427
9610 16290
50703 28824
301263 293584
109908 25872
410071 410664
306959 308314
48055 57255
501 42059
47613 6762
9649 8570
92018 24612
3001 97522
41078 39057
198051 195107
74209 47939
247834 246570
43481 64289
2997 21855
96427 11538
109573 97710
5333 91123
1960 69551
62759 41386
84926 85380
98889 25785
65083 56733
129338 131557
9724 19426
16159 41702
30102 99453
96639 53924
80745 46227
443168 438044
106820 56137
97615 30161
514028 511075
101942 73321
51265 71658
513 110863
390740 390153
22407 67523
354356 347824
328390 332290
88183 7563
221244 222027
13710 81244
250133 247778
107265 56588
130797 119131
104774 51199
53809 110829
531892 537358
528031 530140
22081 7878
134475 136492
82724 27117
102592 58423
53901 51943
42871 90000
55536 25068
21602 56149
27920 81562
525662 529227
108493 80332
21690 75670
92835 21102
65263 17823
47662 34219
106458 112871
78959 94315
44619 49969
6703 1369
17039 14740
70767 56244
60705 8697
2045 31656
951894 954921
24698 18007
33333 103626
73179 84563
529097 530306
828 102392
800400 802394
9553 1670
39848 107440
65384 96984
48672 47828
800515 801841
53539 14390
992915 995748
45529 13365
86974 19545
6347 100706
778174 777477
95722 70136
17288 65172
710730 710441
95947 27323
54324 77381
670916 676729
452066 444424
98648 73673
952150 953211
58465 31055
1262 4835
4294 51500
899020 891532
257561 257211
76263 19047
33791 88539
59643 54150
125738 118000
8294 74854
743430 745145
77422 105319
109481 42729
115774 122186
694238 694612
61946 107148
63109 4560
616332 619825
110979 5263
298222 297788
109257 83479
33377 43461
72860 42048
84755 63915
74045 12394
134462 136832
65213 10605
349166 348106
110685 48503
69409 7806
56354 28921
94832 25626
118579 128392
31444 89391
64035 36728
844764 846352
42802 30281
449771 449751
113651 125092
572862 572769
90319 12245
106622 75081
546 99121
75101 32300
22024 57563
17289 6500
29656 113038
178033 172851
14543 8157
5715 74515
75975 50243
20297 50541
176587 172947
104431 26915
425182 422695
129978 121091
16440 35678
847348 846319
86336 41397
104729 27143
68345 70600
76748 32947
49775 86843
868751 867308
348853 356798
16924 81661
984730 985191
2064 5478
127187 118718
110444 47310
575755 575195
65238 83066
492173 496148
38230 31341
112595 75739
31419 50323
7547 69687
616650 617684
52101 5863
109903 91193
50829 65659
602956 598950
336517 323345
536899 536579
438710 450648
235789 238208
86142 47270
83655 59271
33655 101078
46520 99321
47839 91254
4408 106709
48799 8984
37191 60591
894026 899180
122131 125416
2863 108271
20630 81151
491251 488493
96156 80398
56323 34144
72376 68111
56462 48895
71510 72760
746526 743764
17193 51643
53717 75142
109531 33427
82193 54367
15450 56313
451887 445163
4059 62206
41907 16615
426 8975
20670 5027
78369 69368
67875 26959
68704 106930
343378 355654
13872 82654
70348 61970
72916 109309
79710 29139
43707 7777
46756 22543
106781 106827
50406 38609
15889 109511
10869 51204
25 98798
108155 27826
18745 47027
78253 109138
52885 10982
82669 82351
35143 104880
24557 41750
32779 101634
39262 63878
277 96314
10170 26688
346935 354469
31113 107011
888 76101
558255 555818
76954 88226
31756 85907
70777 67617
102460 73758
43712 16194
10779 91124
12108 26663
16102 36665
78469 110175
85332 13134
37431 97119
22436 3444
59004 22581
20083 45030
16382 18163
58099 22550
351927 347842
445439 446790
896018 900752
3265 47248
440827 438096
37663 35964
99754 54674
601895 600265
51144 25839
8655 94520
58137 29920
70597 71349
10292 72366
226934 237790
41512 55005
669 92043
55606 67209
11082 76864
109376 90945
305733 302535
74668 81591
6215 45803
745548 739302
363238 362972
86103 12819
369320 371789
5700 5284
325687 331197
56591 13706
447794 439547
950645 947317
77956 48129
54181 20041
93485 87359
226562 217046
60629 4326
29626 60168
89098 107158
38290 23184
18215 99352
75890 113280
40287 2021
88799 50601
67030 41243
101748 27706
32171 34105
7745 47673
85829 87198
57130 60290
90162 18023
28406 71631
589637 599331
285136 286810
451118 450841
69276 876
68627 33067
32565 56018
59364 20783
135565 138360
400421 400486
71878 18980
111949 5169
990694 986223
37026 106765
80557 49658
39014 97760
56485 90955
51062 97057
80899 108066
63667 12267
68811 3518
61022 112701
52351 95283
106890 78670
7609 112713
106621 51857
267893 261720
937 2967
11396 33760
68199 103177
75826 103704
87595 103145
18350 89735
106659 40664
82808 110947
44423 76476
558190 559135
85919 56913
757961 761039
473238 474678
90630 19801
62346 91994
33514 169
23617 45525
14980 48053
59119 14583
68576 9768
599242 589786
586868 583902
602044 595027
26271 42780
30691 61531
25845 3208
28760 85311
2252 20799
49 81966
692387 693913
77368 42668
722616 722283
143879 150065
108789 41534
59495 46498
225318 214977
88110 12185
9841 49371
37980 41889
93628 59893
44196 84191
90156 86255
12094 5921
47563 36163
77711 73684
113398 132294
89911 52457
81765 99274
11884 39993
246724 253430
104248 49696
32201 66563
2712 109559
57590 100736
35085 91353
67691 83689
507887 507941
43398 83134
81757 40484
89786 44981
26353 58456
68800 91170
904 49941
25234 64923
75603 22582
28016 104559
57596 101734
80850 106305
95039 64538
570858 569883
90627 31363
433067 433570
83098 41907
18016 60007
97498 57997
105292 8003
604214 596978
94947 63876
590831 594999
99256 108213
116213 124065
81262 20932
79710 82670
9811 6693
96537 35578
587848 585638
104406 91636
26252 103882
34665 42621
494808 497041
446039 445735
224736 225642
710029 708027
7160 53981
197024 200488
512577 514456
55263 59022
996233 994110
57319 34771
50397 113332
332677 337292
847741 847559
109220 84639
104247 84384
84522 84152
51139 36385
30155 82272
1172 1643
43178 103316
112660 33773
109477 30963
594626 591248
45569 69359
85875 94537
30593 83522
34080 16654
93497 108751
36405 39480
115941 128286
42838 32554
6192 31422
39669 111411
81249 110853
78872 64301
174060 182881
798658 803692
37354 36247
233589 232897
110110 98154
74846 74434
891032 897317
102485 75465
16600 82132
145514 148062
334724 330509
22968 25748
16475 71334
597007 591234
356278 345430
46318 46136
681515 684762
75928 72456
880358 879074
176630 171092
890575 895522
149993 146738
120323 128946
548002 549390
445503 438741
98817 78181
142719 150804
798722 797980
100192 11310
4433 5888
65513 17036
328182 329640
74243 104486
61944 67574
32620 33741
84047 39642
77592 69
7322 25226
81887 102371
79834 15781
449087 452248
180001 173629
81788 80364
15200 109607
123987 120051
71460 20205
99522 68758
547573 545376
104396 48690
31409 67478
78311 100225
236922 230420
63147 53720
891923 893056
701237 701504
87733 20823
916487 912960
62312 3490
52989 27937
94978 66337
930577 930139
468356 474784
11340 41954
33773 5848
2102 28601
48098 107104
442626 445884
402030 398653
13041 28451
23941 63993
135107 135444
299828 291596
69640 4847
491613 488473
8221 88178
34065 40392
97883 18548
34675 83481
25915 93706
219012 224364
97016 95766
22829 58719
6145 20885
93724 87367
2710 59454
298 52812
154089 154413
68811 78723
50999 102237
91855 99919
43976 75823
164934 162783
346 30930
49559 98320
7744 7125
7219 36217
97221 4912
47040 1477
23891 4698
87264 58240
57130 60710
1725 59003
382098 381996
82776 17285
49210 105797
17339 84391
50946 108663
96581 49519
195149 191495
24035 46242
95140 81195
789771 793719
924197 923428
95230 16884
13240 63879
382830 385833
56548 29137
7648 110340
264701 266892
331532 328068
67131 26120
74840 15111
71190 24655
61421 38893
662910 656925
64572 75681
90960 101505
10604 74754
111517 55772
97667 69963
197895 193798
76577 40044
402521 399553
103 101209
45258 72995
106836 51622
146627 145818
814617 815694
71132 26520
98364 110537
354281 351891
26338 9325
11062 85110
101634 111272
106968 69125
92759 85913
439000 444459
86749 109152
676725 675565
31658 103633
50819 38668
186750 190703
328225 325588
283952 283706
200254 196337
58057 12210
39194 70037
72056 5922
43393 86025
42255 105494
39663 18120
470158 476737
352736 358308
691308 694683
53622 54158
43036 87102
68578 67148
16807 50055
367883 363965
71132 64288
345311 356497
926741 924960
46082 18384
23891 83160
802258 803390
57663 59407
88691 29265
96287 38450
318958 314586
10222 51056
13445 23801
49754 13027
746419 739315
79653 93378
105824 24114
77188 51635
49275 64586
105943 94677
53044 51537
106934 80117
551823 549198
59319 31864
166970 167739
93296 112668
492418 493989
941654 941925
673030 676074
624462 624410
111397 1956
799000 803397
188259 187741
42791 92638
84935 60283
461807 463945
11978 10757
66584 14893
16593 52023
59177 43783
102576 19537
122756 115822
353274 340929
15254 52092
95341 84119
95878 55021
36842 89373
68052 71628
31347 106361
685535 681236
352027 350035
135395 134690
344641 353792
46573 13605
69280 37417
407121 407429
330205 337263
101814 17387
24040 46529
10153 93483
65866 8445
32228 61272
54673 32758
40006 19725
46849 33194
40067 112312
102330 103515
11183 49305
60873 78084
90259 83094
1693 5113
20887 71854
1243 27269
21134 80459
83434 59937
41051 46207
