89384 30887
42778 136916
97794 38336
35387 60493
116650 141422
102363 40028
68691 20060
97764 113927
30541 33427
39173 105737
55212 45369
102568 6430
15783 21531
22863 115124
24068 103136
63930 29803
134023 23059
83070 148168
61394 118457
125012 28043
26230 77374
134422 94920
13785 148538
125199 44325
98316 14371
66414 3527
126092 18981
9957 141874
106863 99171
106997 47282
52306 20926
77085 36328
110337 76506
100847 21730
111314 75858
116125 53896
69583 100546
148815 83368
15435 40365
44044 113751
121088 26809
117277 97179
45789 43585
5404 2652
142755 112400
49933 45061
49677 43369
147740 10013
36227 98587
98095 147540
90796 130571
51435 10379
147468 116602
10098 12903
73318 120493
126653 110757
147302 10281
124287 109442
53866 129690
28445 46620
8441 144730
8032 58118
38098 5772
134482 140676
20710 148928
54568 27857
129498 22354
104587 126966
55307 114684
56220 128625
1529 32872
5733 148830
109504 130020
108271 13369
109709 136716
126341 118150
47797 50724
92619 2246
122847 143452
142922 143556
142380 47489
87765 38229
69842 42351
15194 41501
7035 137765
20125 74915
86988 25857
73744 46492
72228 98366
59860 31937
1433 102552
66438 49229
3276 75408
51475 126122
68859 44396
36030 61238
8236 123794
15819 144429
16144 31012
35929 89530
18777 122405
14444 105764
64614 4539
68607 136841
102905 44819
85129 20689
147370 67918
69918 66997
143325 37744
109471 62184
148491 145500
39773 6726
35645 55591
67506 118140
2955 19787
57670 88083
58543 138465
110198 39508
59356 28805
26349 78612
73623 27829
99300 137344
95747 85569
54341 5423
123312 13811
67606 121802
75662 23731
44879 111306
79321 28737
79445 148627
48523 53466
86709 23417
108283 113259
62925 17638
142063 5625
12601 132037
33453 111900
119380 45551
47469 90072
50974 87132
103882 34931
58934 95895
58661 20164
57200 137982
48900 52997
52960 13774
22814 139669
37191 131096
102927 16467
65085 11341
22091 77685
143377 55543
105937 29108
17446 69757
119180 68419
6888 139413
103349 132173
1660 12010
2337 125211
66343 117588
28207 119302
47714 117373
25322 1256
14820 44600
17722 79905
55940 39812
73941 115668
11706 96229
61128 29151
15985 96659
13921 89225
2423 117270
71397 4082
45631 140085
129293 111973
107673 73851
147626 5386
41223 89300
6641 56043
133899 90714
52299 106191
130525 42591
138210 58582
138820 49337
87733 71156
145995 18005
10380 64770
135274 81777
68851 97256
71861 48143
125580 95885
121994 123206
17622 79568
62505 90614
51962 112755
31327 104260
68945 78203
63203 123507
136785 52022
22843 140869
39529 85190
8873 49909
149959 60499
48037 68809
7754 36249
33304 133334
132134 71649
22891 149755
67568 1747
90369 119530
114501 38047
73789 99798
116250 136991
73304 103034
105364 12498
10254 144893
97687 19126
111153 13997
145976 9189
149158 3730
45437 32461
53415 93922
20461 76305
10029 88028
78051 16749
57557 108903
54795 47698
58700 21044
101040 132003
40429 56404
144501 50682
117648 8539
136160 145152
22536 132135
4340 21693
52216 116128
120505 105630
60050 140965
98286 136430
145344 26336
3178 52901
135239 57972
16950 110290
145368 117989
92293 35796
90744 3145
2830 58391
11683 55341
53542 100570
103827 124233
122262 6043
90361 9118
28024 66762
82 126310
53191 145426
68997 56368
114678 54235
30691 131627
14525 26058
99615 23169
128206 40359
26313 47387
15101 104347
102727 134995
54917 56553
25579 93530
128947 32291
102648 6971
99052 19081
49632 68594
80858 118628
41313 111887
89215 138356
93513 20091
14413 109480
109611 58970
66190 52275
106356 147642
6621 125434
48988 127889
98339 74567
137771 77285
106857 90418
607 122261
25850 50238
107206 23060
85218 148519
134946 90784
136874 78459
110874 67638
104290 70484
126608 20479
122758 149315
84472 45730
41101 133460
23619 139439
58026 11389
133075 81234
18158 133682
53494 110359
100271 10700
133418 101840
75570 118364
42623 128795
113174 69848
46432 67463
56683 89391
4293 95792
5058 5116
141522 46158
138575 81492
101948 112952
9232 85022
110538 93741
135055 14031
54099 85326
91082 37517
103517 83003
72232 146140
61797 35405
132339 24581
19219 39022
113971 89863
134813 35380
94978 42686
81537 149905
124177 33484
29208 49760
34858 139745
143500 19912
70128 113951
105237 77561
67819 125106
10564 140050
121245 138712
91806 19935
13292 27376
58956 43615
33590 43769
78994 44919
2806 76883
44823 126983
26718 74031
93094 61575
130127 86594
81487 50254
50544 103075
127815 34714
78180 138378
24763 115776
127089 32920
135711 56733
60295 111018
100347 10236
71138 95692
55154 73944
22574 16329
50926 49292
6711 144019
27218 136837
146964 25056
37091 113859
128131 14905
148572 122662
69634 89686
4790 113074
122605 56852
19806 99251
17869 36504
109486 89007
132196 14640
12950 71121
30968 130227
36764 37678
40597 63982
90866 37561
89037 127956
67771 133519
59212 66343
22533 45197
72380 27322
8271 44985
84173 94428
144235 102041
47284 20073
107399 95831
101064 120348
16951 132031
100574 53715
86060 57523
34048 26925
95083 39436
71233 79205
22955 130444
61899 45487
25641 134279
139160 100263
29263 139684
111042 89849
91724 8325
26273 49123
104155 127336
85822 37458
109366 102748
91172 111777
10270 125219
138702 21704
14654 59934
100908 103960
106729 12807
65798 48721
147085 121309
65335 92699
110992 26377
98899 52716
101053 125172
18190 121560
102507 104011
9017 128225
123110 16540
90001 133379
58110 145054
5082 139115
121339 105990
9427 78068
35148 75224
126788 32232
46533 42123
41282 73876
134851 140180
126591 2255
115351 61132
123814 67858
81495 49182
46082 54604
65721 52434
37983 40182
47488 109416
29297 18826
65405 38723
96893 100552
30298 140033
49135 143182
98507 90416
67058 149709
80596 110000
1963 112298
87484 125777
30155 18978
91310 142588
139933 73383
45022 94267
113564 8861
53683 59212
27686 119087
14286 40931
135991 44584
97315 101477
104117 45821
41893 87526
45529 38840
47526 47491
1137 51361
89619 97644
70338 30929
6583 126622
104311 117956
70889 134226
126816 124571
43438 70854
10009 57723
111784 62351
18658 59098
13828 39127
21270 122072
126652 133150
10911 90529
30640 78399
141889 36611
92394 128578
133891 98977
105200 4553
66932 26088
138778 110100
658 98567
30953 77018
72642 142736
139369 91299
118185 3196
46777 55806
125267 23429
38955 52529
30309 69594
47279 22198
22556 139673
775 6446
5001 22326
10998 138284
48413 66128
98383 115422
14694 129335
42440 87335
38422 98160
94986 72958
101355 141762
128763 142973
81542 17717
111853 111851
3663 75483
50400 26218
65155 51174
99016 136507
139852 26365
124791 38264
92492 73173
70038 23538
118860 28829
110872 7281
126988 55857
146591 78342
113971 125353
137666 45512
143070 99518
7362 63084
91352 124113
89301 6507
91639 104668
59365 81490
131033 34155
36105 139876
23680 106142
13413 142539
134970 40637
66171 111957
12845 62761
106650 126815
104466 94315
22327 13887
110184 96040
76970 51536
70153 82622
124394 11791
37290 100110
9632 84674
134265 45736
74549 74296
1878 4314
66834 53199
44950 49356
15156 57794
28469 38157
100961 132934
48824 123287
63172 75359
135678 140141
43246 122182
72762 83991
50324 110051
34101 59955
111076 18365
22043 35625
92660 23920
106290 75845
143470 1239
41552 74977
125384 70020
113134 76344
119305 11957
115982 32476
3667 18012
88968 46913
140193 11730
130903 106869
38132 15003
83175 149208
99719 105217
101184 42378
45488 57473
34574 38958
125063 76126
113934 16798
62497 143419
93142 98154
71727 125475
46981 75394
143486 135949
122306 50031
64030 19560
6899 102161
34563 6425
17720 134281
111642 118903
93011 73481
92727 127584
28790 134141
53709 142724
939 32558
52494 10432
130711 124221
135906 27691
49614 129392
13639 88271
29422 77668
107830 102672
96181 58744
109096 113900
43025 137089
149155 52387
60570 8233
29970 5711
142374 31
148434 59664
32588 117280
70095 79650
91500 122352
107340 57465
101743 37331
62087 47516
31350 19916
187 43882
145012 25635
74134 104388
12723 73288
6774 139644
81520 36743
145355 140245
103125 60140
116260 52064
27419 36354
131713 35270
8706 5405
92734 26800
42735 4820
74316 140436
91088 140854
100670 2451
16488 24803
106838 95563
98090 113611
85206 95961
66705 146912
2558 19830
123404 118817
71893 822
71523 53606
102444 146580
125362 111529
23379 84448
32701 14046
74883 123788
4900 25552
42590 21387
50354 149427
116949 64795
113037 118507
77108 96093
115418 79665
115922 88821
48481 104167
5995 36355
74124 108438
32934 49485
136318 56313
133932 19018
136710 125166
59157 141609
67070 101746
12996 117423
101172 46296
98570 130560
14802 25677
76653 46572
105341 108926
51744 70173
63092 124090
106528 53567
148879 55813
103051 135197
112125 3334
4214 15187
128500 63371
6795 45569
15116 86142
79343 32640
132438 94264
13199 63591
119940 6203
26514 141632
115129 78258
61805 94572
52347 84684
148139 51226
140496 17541
36422 18973
87227 40635
34159 65726
20357 40953
27646 35473
43447 23340
68112 25884
117604 147662
5826 87543
70217 32340
79175 35345
110597 57331
46268 79295
142014 110758
130520 48861
44651 83293
67833 131877
40280 101991
113954 60636
59296 141599
96108 102742
14938 80571
44977 132541
144585 50802
70084 64801
149493 65610
16497 26441
122940 62764
105736 31305
89874 2607
80165 134524
2252 64350
32752 42531
16340 146705
103166 141987
138303 115626
11080 69592
112548 122408
118485 107132
89562 104920
21932 89054
20529 38428
115495 59820
17544 137582
91124 23769
140188 87640
74644 142439
1989 107395
101321 84681
104099 54487
143019 8753
86464 4099
144696 49011
126506 113180
6143 66067
68099 94426
71473 4979
132854 36967
64798 66749
24548 72273
90517 81087
9913 15160
139878 11901
122554 91198
12933 143004
62036 5952
68108 148499
10050 129155
113862 52907
92335 120004
35326 76785
64429 106798
81764 113634
60116 146561
30382 1015
135186 120898
82101 145098
52409 138330
73350 91314
145880 2635
84317 57915
8586 68776
122766 84987
47931 86627
137893 56617
56630 89570
49753 37410
46367 131516
67396 22834
44429 97777
23848 29614
135027 22301
91063 103787
10630 80764
45101 6509
83398 129417
130776 91983
114545 103541
93321 78827
106519 147566
51795 79500
87135 101547
116909 49854
83063 34304
72687 43843
48433 96535
139808 99811
118835 80870
53597 45816
77985 98697
52325 11383
144466 99452
19717 25362
119344 113038
104188 75862
110603 5982
5361 114089
23880 38621
13942 23294
72925 86629
67136 37709
33163 56943
53871 1997
54164 107467
47812 48501
122516 16488
126235 33333
32291 145951
58694 1634
25340 12881
77495 52294
85214 82855
16383 25445
121476 30324
48739 110752
116952 115874
64812 66466
89169 118682
134814 59684
142500 98978
24536 115015
115465 770
148347 64108
63073 123392
65741 88412
52624 59588
57058 137837
58794 73440
13282 96621
20115 128372
57372 53419
10597 38535
119884 99765
73568 104698
75801 66068
53675 100336
97434 85491
17458 12133
65950 80530
135524 131691
85293 38148
107630 142350
92336 16423
132141 21969
113044 2256
340 86767
122026 10937
41654 8261
27053 115221
112958 19205
31288 82984
119541 128722
84827 136998
57206 67128
133879 42729
115170 69171
147228 72799
61521 89564
89222 43661
27884 118617
112268 28224
55383 84293
105512 97036
92554 132564
128609 121863
1769 9896
121199 37661
54969 122377
91010 112174
39504 74888
71255 4674
144058 68482
143824 121930
74397 83045
81943 102281
118013 44210
46856 89748
44855 2367
103135 53760
51282 81743
91974 119402
91639 63172
73414 62959
101900 14423
91485 57756
5662 79091
128781 66072
63924 122604
38001 138321
122001 119943
6953 90013
80505 53808
29760 125359
122526 132895
29118 90159
64637 121091
59561 72627
100615 132974
51938 118866
63749 143422
26621 69410
138864 5401
51833 52787
128005 89834
107459 16357
126128 114411
106369 56632
84570 136129
98342 123447
35375 127459
63606 100011
14902 123166
88990 31868
22491 140927
733 86239
50700 93706
72001 39563
15458 123833
92349 143462
130018 49808
76170 22498
80570 32539
79129 15140
85019 27471
138586 120393
71281 118543
136755 2534
91708 75744
34401 30551
133022 101486
116789 33721
45191 105141
139635 60648
145326 81984
120462 41695
48143 46631
64192 45064
145521 143321
126555 80539
87143 31493
50931 8423
35 37686
77309 8095
29781 111709
38645 12803
129546 71785
46523 91088
26926 36158
1736 88603
34493 38549
130297 148987
1531 110841
44050 147052
20513 86957
77590 107655
118449 44873
32429 118483
82558 26089
126577 112338
137798 15221
125140 33695
87006 88015
124783 30283
40524 42870
35237 75016
81418 81885
140354 149300
42725 100755
146351 63237
37711 140293
87243 6159
35165 36024
124642 117722
62112 17570
146411 116261
32791 37903
149956 36148
125917 41090
132782 16440
83959 18018
7807 15376
99902 64512
14675 58979
15266 77378
38567 52977
67670 42162
59135 102834
