1 1
5 5
10 10
1 100
51 100
84 30886
36915 78
94 38335
60492 87
50 41421
90027 63
91 20059
13926 64
41 83426
55736 73
12 95368
56429 68
83 21530
65123 63
68 3135
79802 30
23 23058
98167 70
94 18456
78042 12
30 77373
44919 22
85 98537
94324 99
16 64370
3526 14
92 68980
41873 57
63 99170
97281 97
6 20925
36327 85
37 26505
21729 47
14 25857
53895 25
83 545
33367 15
35 90364
13750 44
88 26808
47178 77
89 93584
2651 4
55 12399
95060 33
77 93368
10012 40
27 98586
97539 95
96 80570
60378 35
68 66601
12902 98
18 70492
60756 53
2 60280
9441 87
66 29689
46619 45
41 44729
8117 32
98 5771
90675 82
10 98927
77856 68
98 72353
76965 87
7 64683
28624 20
29 32871
48829 33
4 30019
63368 71
9 86715
18149 41
97 723
2245 19
47 93451
43555 22
80 97488
88228 65
42 92350
41500 94
35 87764
24914 25
88 75856
46491 44
28 48365
81936 60
33 52551
99228 38
76 75407
76121 75
59 94395
61237 30
36 73793
94428 19
44 31011
39529 29
77 22404
55763 44
14 54538
36840 7
5 44818
70688 29
70 67917
66996 18
25 87743
12183 71
91 95499
6725 73
45 55590
68139 6
55 69786
38082 70
43 88464
39507 98
56 28804
78611 49
23 27828
87343 100
47 35568
55422 41
12 13810
21801 6
62 73730
11305 79
21 78736
48626 45
23 3465
73416 9
83 13258
67637 25
63 5624
32036 1
53 11899
45550 80
69 90071
87131 74
82 84930
45894 34
61 70163
87981 100
100 52996
13773 60
14 39668
81095 91
27 16466
11340 85
91 27684
55542 77
37 79107
19756 46
80 18418
89412 88
49 32172
62009 60
37 25210
67587 43
7 19301
67372 14
22 1255
44599 20
22 29904
39811 40
41 15667
46228 6
28 29150
96658 85
21 89224
67269 23
97 54081
40084 31
93 11972
73850 73
26 5385
39299 23
41 6042
40713 99
99 56190
42590 25
10 8581
99336 20
33 71155
18004 95
80 14769
81776 74
51 47255
48142 61
80 45884
23205 94
22 79567
90613 5
62 62754
54259 27
45 28202
23506 3
85 2021
90868 43
29 35189
49908 73
59 10498
18808 37
54 86248
33333 4
34 21648
99754 91
68 51746
19529 69
1 38046
49797 89
50 86990
3033 4
64 12497
94892 54
87 19125
13996 53
76 9188
3729 58
37 32460
43921 15
61 26304
88027 29
51 66748
8902 57
95 97697
71043 100
40 32002
6403 29
1 681
8538 48
60 95151
82134 36
40 71692
16127 16
5 55629
90964 50
86 36429
76335 44
78 2900
7971 39
50 60289
17988 68
93 85795
53144 44
30 58390
55340 83
42 569
74232 27
62 56042
9117 61
24 66761
26309 82
91 95425
6367 97
78 4234
31626 91
25 26057
73168 15
6 90358
47386 13
1 4346
34994 27
17 56552
93529 79
47 32290
56970 48
52 19080
18593 32
58 18627
61886 13
15 88355
20090 13
13 59479
58969 11
90 52274
47641 56
21 25433
77888 88
39 24566
27284 71
57 90417
72260 7
50 237
73059 6
18 48518
90783 46
74 28458
67637 74
90 20483
70478 8
58 49314
45729 72
1 33459
89438 19
26 11388
31233 75
58 33681
60358 94
71 10699
1839 18
70 68363
28794 23
74 19847
17462 32
83 39390
45791 93
58 55115
96157 22
75 31491
62951 48
32 35021
93740 38
55 14030
35325 99
82 87516
33002 17
32 46139
85404 97
39 74580
39021 19
71 39862
35379 13
78 92685
99904 37
77 33483
99759 8
58 89744
69911 100
28 63950
77560 37
19 75105
40049 64
45 88711
19934 6
92 77375
93614 56
90 43768
44918 94
6 76882
76982 23
18 24030
11574 94
27 86593
50253 87
44 3074
34713 15
80 38377
15775 63
89 32919
6732 11
95 11017
60235 47
38 45691
23943 54
74 66328
49291 26
11 94018
36836 18
64 75055
63858 91
31 14904
72661 72
34 89685
13073 90
5 56851
49250 6
69 36503
39006 86
96 14639
21120 50
68 80226
87677 64
97 63981
87560 66
37 27955
33518 71
12 66342
45196 33
80 27321
94984 71
73 94427
52040 35
84 70072
45830 99
64 70347
82030 51
74 53714
57522 60
48 26924
89435 83
33 29204
30443 55
99 45486
84278 41
60 50262
89683 63
42 39848
8324 24
73 49122
27335 55
22 37457
2747 66
72 11776
25218 70
2 21703
9933 54
8 53959
62806 29
98 48720
21308 85
35 42698
76376 92
99 52715
25171 53
90 71559
54010 7
17 78224
16539 10
1 33378
45053 10
82 89114
5989 39
27 28067
75223 48
88 32231
92122 33
82 23875
90179 51
91 2254
11131 51
14 67857
99181 95
82 54603
52433 21
83 90181
59415 88
97 68825
38722 5
93 50551
90032 98
35 43181
90415 7
58 99708
59999 96
63 12297
75776 84
55 68977
42587 10
33 23382
44266 22
64 8860
9211 83
86 69086
90930 86
91 94583
51476 15
17 95820
37525 93
29 38839
97490 26
37 1360
47643 19
38 80928
26621 83
11 17955
34225 89
16 74570
20853 38
9 7722
12350 84
58 9097
89126 28
70 22071
33149 52
11 40528
28398 40
89 36610
28577 94
91 98976
54552 100
32 26087
60099 78
58 48566
77017 53
42 92735
91298 69
85 53195
55805 77
67 23428
52528 55
9 19593
22197 79
56 89672
6445 75
1 22325
38283 98
13 66127
65421 83
94 79334
87334 40
22 48159
22957 86
55 91761
92972 63
42 67716
11850 53
63 75482
76217 100
55 1173
86506 16
52 76364
88263 91
92 23172
73537 38
60 28828
7280 72
88 55856
78341 91
71 25352
95511 66
70 49517
13083 62
52 74112
6506 1
39 4667
31489 65
33 34154
39875 5
80 6141
92538 13
70 90636
11956 71
45 62760
26814 50
66 94314
13886 27
84 46039
1535 70
53 32621
11790 94
90 50109
34673 32
65 95735
74295 49
78 4313
53198 34
50 99355
57793 56
69 88156
82933 61
24 23286
75358 72
78 40140
22181 46
62 33990
10050 24
1 9954
68364 76
43 35624
23919 60
90 25844
51238 70
52 74976
20019 84
34 26343
61956 5
82 32475
68011 67
68 46912
61729 93
3 56868
65002 32
75 49207
5216 19
84 92377
57472 88
74 38957
76125 63
34 66797
93418 97
42 48153
75474 27
81 25393
85948 86
6 50030
69559 30
99 52160
6424 63
20 84280
18902 42
11 73480
27583 27
90 34140
42723 9
39 32557
10431 94
11 24220
77690 6
14 29391
38270 39
22 27667
2671 30
81 58743
13899 96
25 37088
52386 55
70 58232
55710 70
74 30
9663 34
88 67279
29649 95
100 22351
57464 40
43 87330
47515 87
50 19915
43881 87
12 75634
54387 34
23 23287
39643 74
20 86742
90244 55
25 10139
52063 60
19 36353
85269 13
6 5404
26799 34
35 54819
40435 16
88 40853
2450 70
88 74802
45562 38
90 63610
95960 6
5 96911
69829 58
4 18816
821 93
23 3605
46579 44
62 61528
34447 79
1 64045
23787 83
100 75551
21386 90
54 99426
64794 49
37 68506
46092 8
18 79664
88820 22
81 54166
86354 95
24 8437
99484 34
18 6312
19017 32
10 25165
91608 57
70 1745
67422 96
72 96295
80559 70
2 25676
46571 53
41 58925
20172 44
92 74089
3566 28
79 55812
85196 51
25 53333
65186 14
100 63370
95568 95
16 86141
82639 43
38 44263
63590 99
40 6202
91631 14
29 78257
94571 5
47 34683
51225 39
96 17540
68972 22
27 40634
65725 59
57 90952
85472 46
47 73339
75883 12
4 47661
87542 26
17 82339
35344 75
97 7330
29294 68
14 60757
48860 20
51 33292
81876 33
80 51990
10635 54
96 41598
52741 8
38 80570
32540 77
85 801
14800 84
93 15609
76440 97
40 12763
81304 36
74 2606
84523 65
52 64349
42530 52
40 46704
91986 66
3 65625
19591 80
48 22407
7131 85
62 4919
39053 32
29 88427
59819 95
44 37581
23768 24
88 87639
92438 44
89 7394
84680 21
99 4486
58752 19
64 54098
49010 96
6 63179
16066 43
99 94425
4978 73
54 86966
16748 98
48 22272
81086 17
13 65159
61900 78
54 41197
43003 33
36 55951
48498 8
50 29154
2906 62
35 70003
76784 26
29 6797
63633 64
16 46560
51014 82
86 20897
95097 1
9 38329
91313 50
80 52634
57914 17
86 68775
34986 66
31 36626
6616 93
30 89569
87409 53
67 81515
22833 96
29 47776
29613 48
27 22300
3786 63
30 30763
56508 1
98 29416
91982 76
45 53540
28826 21
19 97565
29499 95
35 51546
99853 9
63 84303
93842 87
33 96534
49810 8
35 80869
95815 97
85 48696
11382 25
66 99451
25361 17
44 63037
75861 88
3 5981
64088 61
80 38620
23293 42
25 86628
87708 36
63 56942
1996 71
64 7466
98500 12
16 66487
83332 35
91 45950
51633 94
40 62880
2293 95
14 32854
75444 83
76 30323
10751 39
52 15873
16465 12
69 68681
59683 14
100 48977
65014 36
65 769
14107 47
73 73391
88411 41
24 9587
37836 58
94 73439
46620 82
15 28371
53418 72
97 88534
49764 84
68 4697
66067 1
75 335
85490 34
58 12132
80529 50
24 81690
38147 93
30 92349
66422 36
41 21968
2255 44
40 86766
10936 26
54 58260
65220 53
58 19204
32983 88
41 78721
36997 27
6 67127
92728 79
70 19170
72798 28
21 39563
93660 22
84 68616
28223 68
83 84292
47035 12
54 32563
21862 9
69 59895
87660 99
69 22376
62173 10
4 74887
54673 55
58 18481
21929 24
97 83044
52280 43
13 44209
39747 56
55 52366
3759 35
82 31742
69401 74
39 13171
62958 14
100 14422
57755 85
62 29090
16071 81
24 72603
38320 1
1 69942
40012 53
5 3807
75358 60
26 82894
90158 18
37 21090
22626 61
15 32973
18865 38
49 43421
69409 21
64 5400
52786 33
5 39833
66356 59
28 14410
56631 69
70 86128
23446 42
75 27458
10 6
2 73165
31867 90
91 40926
86238 33
100 43705
89562 1
58 73832
43461 49
18 49807
72497 70
70 32538
15139 29
19 77470
20392 86
81 68542
2533 55
8 75743
80550 1
22 1485
33720 89
91 55140
10647 35
26 81983
91694 62
43 96630
45063 92
21 93320
80538 55
43 31492
8422 31
35 37685
58094 9
81 61708
62802 45
46 21784
41087 23
26 36157
38602 36
93 38548
98986 97
31 10840
97051 50
13 36956
7654 90
49 94872
68482 29
58 76088
62337 77
98 65220
33694 40
6 38014
80282 83
24 42869
25015 37
18 81884
49299 54
25 754
13236 51
11 40292
6158 43
65 86023
67721 42
12 17569
16260 11
91 87902
86147 56
17 41089
16439 82
59 18017
65375 7
2 14511
8978 75
66 77377
52976 67
70 92161
52833 35
