963796 962102
59865 76547
37211 63965
34210 49084
62926 83295
87274 108693
79993 50925
31054 90833
707655 710197
25526 71734
102991 80816
47510 100435
41905 75773
96846 52000
111529 89081
73468 36297
87073 80483
176622 172885
98558 80834
1114 29996
44254 99105
19561 6395
93239 35068
23952 28310
373334 374057
69386 47684
90764 40500
111060 68291
66166 76641
521022 522783
835684 836815
345984 340955
298795 299402
34778 52647
396801 395539
660747 660000
21751 45058
34130 47752
53859 62079
72703 28356
206356 205364
369523 376394
93911 10176
93542 53695
633355 636421
184161 176527
29768 111197
257683 256049
716063 713698
93026 96392
88891 25215
49669 111328
801685 800308
349569 340218
116310 120957
105685 36768
68198 9120
42620 104405
66002 9498
76210 110595
17507 96579
769894 769870
24779 93923
108360 82835
79584 98803
14295 89883
163499 167368
78596 23806
65484 89366
290084 290097
118741 125155
68270 10700
80187 66758
66470 84070
42642 56330
56473 18436
39209 40671
897514 893171
39323 11431
10431 76921
37825 26475
99371 84650
9166 4761
6747 23170
324147 338015
739257 741323
60227 9926
248338 254951
37804 9333
43834 58182
59465 103979
12334 14703
90916 47352
24508 96179
984056 984123
81462 9886
101699 4291
91099 76806
47998 107226
990804 991734
17280 75735
36173 47202
56851 83079
93707 72809
234321 229567
168371 165916
71390 105452
43296 62674
102048 72673
102975 62016
97802 52416
98063 89175
63746 58920
73764 108067
107963 12414
895070 899443
394431 393698
91955 29233
92575 86295
37500 22677
90183 82609
150079 148362
114498 114307
68744 97389
48058 23528
103620 16172
197608 193859
46565 97213
97900 97733
316620 311527
433418 435693
86780 39001
68913 46838
37192 40166
994843 995836
84194 53496
68792 44750
33539 36286
31743 12211
106905 41804
58467 73990
69604 63196
74004 61116
11509 4125
146374 148212
89045 110649
96464 91355
15064 15975
233126 236796
40078 44166
838080 838284
43060 111005
103736 1118
80802 69019
793869 796755
44347 33247
224311 224600
738454 739312
135460 136566
2199 100973
31981 11565
182738 176064
476145 470942
34006 75462
28406 102056
79398 10396
64999 12522
897074 900132
83635 37603
41066 72558
24120 30536
739906 745287
43660 20928
605135 605238
29110 9453
92591 111520
121641 120882
164457 162840
356743 355373
506606 509295
341032 344758
86616 53996
44817 90701
42577 112945
413723 412225
259413 264521
35141 63237
880613 881592
16406 2148
105870 40462
43037 95870
38380 7124
167917 168859
33247 99216
67034 24193
12606 49235
336426 323197
39950 6228
71260 11020
349169 351073
7060 73606
84496 10470
705867 707897
16718 46185
62551 46153
21271 8140
15863 43372
11066 15386
271139 275686
80468 42297
68445 7771
27592 67008
643892 643604
76378 74447
10834 65374
108495 96308
21972 101823
542139 542637
34238 71321
27427 93163
48945 46974
87485 78996
69652 12814
119789 128769
438164 447088
515396 515357
6878 87502
78976 50757
49649 41505
370386 373704
58225 102768
78458 70965
69490 50945
32231 69685
81645 96934
57660 18892
46673 99600
70632 10268
98248 16708
80505 29363
79265 76735
94329 28314
549876 545785
48349 102059
144487 144064
10478 9559
61620 85831
23672 46628
79500 58847
30271 49773
32107 102576
7933 69492
32594 100967
613 60699
469597 468535
525412 529460
30379 87889
107039 67869
32024 91100
33584 75000
52909 74436
112295 106345
69127 90767
49945 66803
57252 4750
18585 73728
80791 41263
15293 107691
48561 48220
424543 424115
566311 566158
292199 297401
40068 85325
56320 94221
249330 253185
738499 738588
68147 103474
28597 46204
33720 29463
344533 346762
90007 63903
63695 91728
5507 15508
97049 46967
113333 112317
33803 62791
112622 72368
60246 9858
889221 888823
799058 803764
75793 24081
83872 73504
185333 188473
789068 796579
106195 101585
88830 8779
170007 164430
6017 50978
81987 54328
87316 96464
125635 128828
14195 70991
74083 73319
15743 3500
87766 81985
1960 42246
26452 14767
545465 548126
90063 67009
69667 65312
559522 557968
68658 59791
66600 79881
61735 79008
65193 24851
12957 77896
707591 705571
86136 46714
6275 20396
49423 95182
29930 74169
284708 286808
711432 709566
111275 42289
92445 12280
73186 67265
21569 74048
74037 4469
307315 307614
694023 694963
681017 684412
323839 338458
22288 92447
96527 95104
34396 50946
324796 337426
181088 180581
54280 54844
16203 44409
75094 11439
78340 46797
8246 84312
19678 81171
4614 76093
5495 100724
82104 38581
438967 453082
68695 38803
95579 88708
20378 58679
69108 47774
15618 12991
68148 11470
43003 4730
47695 35281
17396 33399
16150 106399
44207 106417
92470 53016
112389 81237
24844 37893
440446 448498
68970 22207
67583 31549
96324 89846
23014 43984
345878 347204
347871 356445
31492 103343
6326 96299
120470 133519
146432 146958
110227 65753
2403 12684
169471 166726
877973 882095
63939 5405
44099 27407
28403 88380
358305 349714
92159 74639
416704 417530
53234 37859
137605 136354
33961 6334
124137 126878
92636 88672
745410 739009
20586 73199
737345 736888
54481 46444
110797 11280
191664 196120
112422 15311
836018 836195
44745 77018
36785 81295
49915 71691
45927 90048
97276 97826
51202 47913
18232 80807
30120 109401
13597 5584
21075 8002
91880 16886
311016 310665
64832 27277
12614 106933
201583 202034
103670 51331
198649 196406
16978 17048
31725 55808
292150 296624
108523 97675
780224 780344
109611 86622
9634 79821
54444 106282
71964 48807
231490 238854
698 78104
744479 739386
597958 592299
9088 45429
59765 72721
86995 53501
798147 800639
757618 757084
90487 33731
662210 661999
22627 9150
226340 218534
15313 22216
29675 63782
274590 270771
268742 264094
325198 335692
66820 37942
51568 11068
39766 107078
42040 8172
634040 636142
764560 764221
66433 95833
126250 127454
94721 89113
58630 22292
43380 71517
42142 24322
743710 741247
121370 128664
593073 596781
31907 75117
35157 45616
91360 34452
12290 81637
72885 87456
84015 86584
393415 398940
522723 522327
557043 553851
1408 56065
30839 48528
14057 44814
64870 28121
795461 791182
375805 375169
33523 75170
110841 94355
102300 85985
70471 34079
89654 59674
37446 8496
99481 85477
38629 33905
34291 54857
125467 116242
93071 8998
68308 17353
72886 108341
71006 90709
95655 74596
82992 13566
23221 13552
294478 300376
83978 84784
88522 106028
294310 292956
106584 47176
62069 74942
162187 165991
89464 18830
619645 615942
353579 349258
892679 891703
22009 10559
91897 108045
878299 880211
14868 97326
104103 58422
101370 55576
32429 17984
58649 90522
71025 51889
201251 192303
678525 678955
97206 107531
701328 702117
413883 413433
54231 108623
84491 51665
17327 10159
661381 664988
677738 677953
46099 25324
32886 41245
129869 127517
85623 57131
366646 363584
28313 65735
734984 734051
553801 559526
72892 110344
249181 254109
5689 52328
113082 42288
8464 90054
52790 3044
53372 1551
13322 83751
895 109060
31128 90892
41250 3151
133796 134290
39488 44352
41411 99934
343139 341866
72724 63119
54318 36058
97083 79841
44142 77276
25293 94656
8503 46342
19478 6955
54321 60895
747038 743086
55423 66219
82682 98394
892942 898181
31701 70688
11663 36881
44460 111330
5066 34317
500720 498838
83958 112952
7871 88423
231004 232652
583571 584911
27297 62109
670522 673045
56725 35869
37826 56517
114399 125017
293357 299241
72695 74944
77353 99080
675499 678350
21197 51036
258285 268488
106165 92564
126365 116773
47362 30283
363991 367865
89123 60558
832817 831062
84736 10101
1665 68064
81669 73261
40614 34117
106661 102278
20803 1488
363945 363778
72458 57021
77066 55877
4180 23104
88106 39457
8357 63360
548639 549585
145313 150287
443549 447712
108 48026
196889 199671
34725 1005
113240 61319
32804 46120
37154 88226
5361 79900
90313 73178
496630 497753
3879 88460
51039 101461
46429 35606
105471 46981
797927 802350
24609 103633
43548 12625
396496 395850
594577 603339
81960 28557
83410 14179
84256 85033
29664 73734
110052 83155
28121 96648
8274 91813
43604 53723
58079 81299
272211 272761
103383 62787
382221 379811
705576 706262
195564 192345
28619 86979
350011 352037
11170 95161
27574 66188
98223 62431
108228 100461
83317 2527
33208 92330
111907 22838
452023 440678
53605 78443
38402 20017
45330 95503
73695 7219
937134 935393
668660 667844
473404 477401
30933 82815
97528 7208
66030 84764
97099 99709
27207 106892
389433 391597
101323 43271
113688 134343
236632 234223
452757 447565
472414 472805
476324 475849
57869 2729
393816 396768
354114 353323
13415 6008
248993 250634
389997 388767
41087 18364
344071 344527
52987 104278
75887 65885
33550 36320
896903 895549
709736 712873
105428 92462
51676 66298
271180 271226
103710 40381
108814 83617
68133 25713
49194 514
742324 745670
90907 98083
130377 117410
337163 336633
132451 113526
897705 892690
79511 90842
229002 237438
709515 711723
33180 6362
73723 15347
99684 29404
341095 354552
66551 77928
66227 75749
47132 84966
28816 102701
112370 39797
33557 77027
90050 63188
18159 80506
67799 31013
53120 89943
73421 104977
103316 60920
19282 6988
56231 82191
353436 353797
37665 5235
15765 35242
969803 970554
77430 18766
651705 653491
114670 122459
953112 953257
44186 75616
30987 32911
44405 68483
330981 335044
120122 123505
376147 374725
53722 78581
97367 53902
72347 22583
734654 733796
324418 328106
104198 102020
38054 36237
85138 20361
46364 82539
86512 52353
140396 144501
966732 965180
443039 447688
13433 112088
197840 192059
57663 83485
5512 66673
158676 152481
39901 67313
79026 99024
18250 17587
466156 461093
592031 595220
78474 105724
116821 132739
536578 533345
141687 146464
7867 67690
18387 5793
3022 57826
106951 75389
21189 79466
103980 47892
63870 45498
91217 108984
343991 349527
463065 466260
101824 78842
10066 70587
79121 21861
25806 19280
38715 93778
105432 42632
45773 41229
130991 120183
132567 118122
813190 813471
351165 345125
804819 805539
79095 1450
37106 54966
469986 469212
875813 875641
212399 208104
42745 14595
100817 98682
73336 47996
679419 679232
659664 664048
83791 104437
8541 41810
116246 113862
57148 80302
46782 70439
77827 111259
78761 8055
47536 33422
474877 474884
443712 441262
577857 577269
172682 177813
12323 79476
392650 388788
82138 93384
753293 750930
895673 898059
105173 36136
87337 41712
74518 81961
340793 340625
72479 113332
846123 845709
165857 169670
759994 763662
546399 547032
93298 38722
79973 85464
102467 63198
90394 91072
98362 39988
100448 8250
90852 16616
104228 44797
105099 11518
675115 678815
452377 437614
292688 292009
602906 593238
102720 54919
113083 10964
33967 63885
798489 801193
211600 207989
11523 9065
13055 6165
50198 108792
46064 57850
85432 49089
7016 6764
65627 72302
80391 100507
526034 529243
212435 207746
62809 92067
74548 54913
3086 103084
51811 67398
286371 286610
77253 99306
22151 83996
35325 105382
55284 81892
176144 171978
69109 7930
110275 56349
302115 290918
340736 347116
94789 53144
8915 59312
96167 103559
768778 765446
66602 7076
88227 69042
889769 887946
80127 94259
38672 90920
51318 42087
104684 89549
5588 52733
101877 40594
91127 106551
69501 36595
680183 678367
108793 36577
23175 43816
73979 70728
65227 110947
20928 40248
58646 55525
109630 76221
428544 429291
64291 55002
49012 97738
102851 112953
428231 428572
111444 14689
11164 93427
1349 2054
113186 71936
97711 53060
15529 101713
62614 105946
98417 1968
24326 55526
77785 58339
45450 1601
164473 162007
223825 225855
40411 100445
33414 924
370700 370704
82716 77960
31282 46925
68703 9132
86706 6344
595611 597134
93852 79369
62004 5541
90521 42298
62469 99427
2100 28232
31483 69849
609787 610618
393714 400481
82504 32285
518230 520706
30823 14826
44072 3783
79153 86730
11729 64906
10183 2966
32732 96389
80885 56180
373758 370805
6173 48576
99216 15289
44154 81
259478 267465
10250 82625
89007 27958
599698 602617
443252 438450
105333 105222
37243 5973
106290 106941
68087 90654
29997 66291
65309 36775
888062 887180
109954 61201
83080 61311
94646 81016
29206 16016
350151 354529
69127 58071
52520 12278
16113 109
29051 47796
63132 67414
90885 30520
614285 616539
44294 84032
101067 7014
114654 115452
54959 33517
96311 36898
31518 93136
74135 34001
21828 56679
218389 215202
344181 342189
15849 46642
46701 2113
342065 355809
79295 27817
69640 28598
93740 82159
91779 33216
103249 53513
984843 988577
32845 90832
38353 68817
231333 230921
931880 931642
70760 55932
57424 61522
42034 106648
80849 82539
265261 258467
23117 98978
351620 344405
38822 33550
150915 141736
104880 30179
325639 327804
119585 134079
106142 97889
1418 97120
317911 318651
94103 85074
252487 249119
19493 75331
96374 32957
26224 87022
21360 21073
107728 80611
299583 296597
1941 30628
797117 802010
676376 675623
28053 12219
85536 62376
182212 173862
29257 77485
13653 68133
62139 77681
333489 334654
84765 42450
103566 112359
653777 653068
75213 61540
613754 619399
23011 91611
492693 494816
11709 16348
290813 301838
