1 1
744 170
495 617
275 328
801 143
802 4
162 219
693 336
614 555
958 861
927 125
583 916
539 168
901 902
956 113
544 756
857 639
926 351
607 552
30 408
46 831
763 207
402 456
894 15
362 203
228 640
679 162
555 217
329 455
471 284
568 366
392 776
5 669
126 963
572 155
722 617
338 485
823 739
940 716
105 653
919 684
293 949
845 199
166 173
654 988
809 573
353 552
348 709
220 825
672 143
331 393
759 20
877 933
758 168
648 215
173 918
898 465
219 743
15 384
267 20
371 427
592 75
978 291
784 549
467 807
691 150
199 449
169 428
733 927
947 733
493 119
2 390
935 220
484 950
603 751
969 325
529 913
400 507
555 535
407 22
341 98
171 891
898 339
318 631
617 265
363 461
735 364
203 670
584 686
971 538
788 291
215 317
203 966
175 758
500 581
131 840
30 653
730 928
343 400
910 312
16 624
772 102
339 974
771 922
12 93
812 799
384 26
467 586
343 641
695 842
222 177
33 251
181 114
530 876
865 791
187 880
414 310
982 753
636 104
26 999
197 837
797 580
214 616
517 556
256 564
749 829
92 781
432 273
247 313
148 111
104 686
991 517
347 324
621 982
427 647
980 975
835 129
906 401
96 775
956 351
690 57
532 781
837 315
405 435
627 552
546 82
589 888
951 936
211 571
269 989
569 601
316 756
81 221
156 176
347 463
878 36
519 409
169 708
75 573
142 54
125 687
135 65
574 437
1000 136
360 621
125 928
221 792
35 301
364 190
476 711
653 353
98 523
114 266
230 188
839 724
241 315
762 728
379 688
164 731
823 523
351 299
803 571
90 837
223 806
379 50
516 31
754 965
905 867
231 487
407 421
210 999
735 971
726 465
10 242
195 833
116 897
483 270
819 925
459 41
730 837
442 597
219 196
913 123
414 143
609 820
915 170
171 1
493 248
466 502
489 12
686 605
909 521
226 727
445 684
120 526
520 561
474 738
108 386
213 522
529 173
693 795
343 215
796 835
463 613
688 951
624 726
907 532
246 133
611 690
816 82
567 688
642 40
777 102
425 989
975 305
162 19
100 856
234 247
42 696
859 729
646 482
806 905
366 51
389 976
92 556
57 658
243 50
49 372
151 474
360 477
778 873
496 229
728 729
475 769
424 333
850 421
815 655
677 532
58 65
507 149
621 915
159 215
316 207
586 819
32 298
295 162
170 790
390 898
518 217
18 293
549 219
714 715
226 390
246 283
455 104
783 427
370 941
641 686
500 579
856 531
876 150
692 45
940 82
294 809
298 664
102 198
234 815
265 459
556 862
93 10
318 876
788 687
816 781
724 667
359 579
198 586
81 889
630 20
322 276
828 971
291 929
521 524
95 785
983 651
646 75
12 315
950 800
2 118
932 77
136 290
8 333
875 88
574 856
459 895
483 638
866 773
919 386
297 13
522 631
15 519
57 27
834 7
178 187
476 109
263 611
398 622
296 624
61 869
831 519
763 666
509 980
438 427
717 86
791 238
68 806
109 125
832 942
483 9
128 310
117 742
920 866
364 567
841 424
435 23
295 550
688 155
529 478
581 598
563 723
187 983
528 295
107 711
236 589
71 715
898 187
457 169
404 820
736 244
595 522
267 241
71 306
395 952
783 975
549 698
50 735
680 577
382 138
288 969
726 358
684 975
897 140
495 652
959 230
248 905
752 514
146 822
171 540
773 954
867 673
651 916
760 682
492 141
819 131
109 544
841 792
870 89
283 364
740 241
946 987
498 697
852 643
870 23
534 995
976 400
19 978
667 778
659 159
918 477
641 379
372 833
522 593
921 805
956 661
397 253
999 894
949 851
888 171
225 422
517 552
821 887
529 840
665 539
350 934
367 990
312 738
823 186
682 95
990 989
107 386
242 106
632 542
308 519
712 532
940 580
435 113
467 963
952 483
853 301
416 219
642 80
308 816
617 989
911 606
977 369
343 218
474 974
760 133
493 823
16 432
755 450
896 573
764 847
55 616
499 822
834 141
253 493
308 869
481 218
826 810
587 169
27 412
142 138
897 634
961 264
418 67
714 313
639 829
512 45
797 10
218 630
502 471
475 810
691 955
379 517
764 317
37 143
81 178
280 329
164 592
592 581
658 657
893 648
486 756
692 282
118 262
263 971
732 737
780 774
44 511
642 159
827 678
301 907
856 933
235 19
524 179
951 534
835 195
533 672
951 577
305 420
838 568
390 921
656 170
694 51
680 336
210 858
365 510
117 572
794 703
590 318
881 892
203 716
87 735
739 37
663 44
456 500
963 845
772 618
366 466
21 397
153 230
255 869
91 723
441 885
425 382
554 306
274 756
373 360
842 111
748 505
506 555
356 468
751 128
86 117
945 106
865 449
687 471
317 777
193 757
13 618
139 566
275 764
673 999
123 515
461 222
371 967
776 78
434 526
557 871
994 501
328 211
301 14
681 618
143 874
726 155
491 216
73 117
979 745
115 101
611 575
674 333
541 449
411 327
327 319
197 672
820 525
882 472
890 563
89 32
436 815
539 278
382 611
746 361
355 860
813 318
786 487
650 679
935 60
5 613
379 201
285 550
77 166
21 967
728 462
350 515
628 240
144 9
850 889
369 557
100 182
874 886
20 523
564 954
935 568
567 665
120 851
566 197
368 586
515 448
399 864
962 26
104 458
387 305
346 107
213 446
640 438
331 659
313 246
613 247
813 531
263 932
733 828
128 100
765 642
547 164
858 861
541 313
318 927
969 15
34 182
812 673
619 494
684 283
739 296
881 903
178 143
835 910
970 314
361 735
308 260
250 517
472 790
829 789
69 797
155 102
330 967
126 301
812 161
583 551
456 464
453 985
606 639
246 928
305 607
14 964
218 263
480 689
404 660
829 472
808 335
925 138
301 403
790 465
563 372
367 371
187 819
355 145
810 601
72 466
559 437
429 128
699 908
816 102
567 996
926 374
330 850
863 983
252 652
447 815
376 813
185 562
983 891
58 144
491 481
609 401
917 37
528 967
944 695
421 510
690 346
236 20
195 98
2 799
102 800
613 477
612 149
38 946
39 96
90 530
576 698
282 845
735 162
811 678
208 231
540 898
928 127
269 475
224 622
273 325
421 885
153 384
33 191
329 71
638 418
952 565
468 586
761 202
99 572
231 306
154 770
555 82
248 175
556 824
796 180
500 568
64 653
303 448
195 984
870 184
753 174
748 220
111 861
421 209
432 652
866 937
773 421
370 373
595 277
196 743
456 695
310 871
347 965
670 541
948 540
76 700
65 824
920 175
36 340
735 467
343 600
755 468
20 125
840 967
753 35
709 209
81 18
431 428
982 101
320 281
992 396
981 56
571 900
582 606
591 668
424 934
267 530
753 639
6 944
605 759
330 665
319 410
34 749
189 368
849 861
648 192
608 628
247 530
527 180
135 118
847 910
403 466
439 507
456 445
450 412
555 779
76 873
540 109
621 729
476 822
589 124
365 548
103 964
77 630
143 563
99 342
824 853
159 262
711 966
58 160
377 964
290 804
836 829
912 809
909 740
982 849
215 346
396 317
309 472
298 804
386 748
497 209
952 655
823 662
620 232
173 348
196 462
151 383
643 414
543 903
153 524
752 719
222 499
388 882
323 685
685 708
785 181
917 736
187 739
398 158
322 570
505 517
384 655
252 378
421 794
280 925
670 31
644 891
882 31
124 204
67 809
911 203
341 179
939 880
269 688
37 591
609 894
459 992
900 710
721 320
504 1
245 173
383 888
415 264
270 538
467 688
698 378
891 391
908 181
270 177
220 658
119 828
551 577
172 451
287 892
122 142
892 366
666 275
605 80
538 226
969 5
914 667
734 156
57 993
688 678
169 907
335 639
734 238
216 905
40 854
149 161
347 392
879 12
666 483
443 556
709 411
912 974
429 997
481 837
989 168
514 510
74 201
148 807
438 715
64 829
568 564
341 266
955 219
277 973
54 71
528 762
482 791
87 262
787 567
99 775
734 612
636 159
164 784
317 953
498 732
781 418
295 122
683 602
340 312
574 745
382 453
506 215
243 944
477 29
862 575
155 947
538 791
105 54
926 774
6 423
505 139
192 800
260 227
753 951
538 326
696 919
778 553
486 20
849 962
400 710
888 554
657 777
344 113
830 269
886 188
44 391
326 587
542 937
813 646
887 350
971 934
621 100
839 106
119 687
419 518
748 658
423 404
434 119
869 616
739 106
155 134
848 480
721 741
416 533
386 654
883 356
940 855
455 778
312 925
464 730
794 211
387 569
967 172
687 187
139 425
292 293
911 140
772 631
880 539
163 266
545 397
973 484
603 780
613 914
704 76
643 850
638 381
418 956
905 104
494 43
880 786
336 790
277 459
772 508
998 935
773 894
683 98
377 638
877 989
551 932
416 546
781 405
926 198
713 182
653 206
225 533
343 560
674 619
370 446
127 367
732 251
612 766
700 988
403 576
328 954
508 95
851 288
852 776
838 564
958 490
121 534
374 464
93 400
434 462
845 560
181 928
