1 113382
999168 999999
1 10
100 200
201 210
900 1000
1000 5000
1 1000
1000 1
1 113382
113384 134378
134380 138366
138368 151176
151178 159486
159488 161438
161440 161534
161536 170074
170076 184488
184490 191334
191336 201568
201570 204014
204016 207550
207552 212648
212650 213102
213104 226765
226768 239230
239232 242158
242160 242302
242304 245984
245986 255112
255114 258206
258208 268757
268760 270270
270272 276733
276736 280574
280576 284136
284138 287002
287004 288614
288616 290750
290752 302353
302356 306022
306024 311326
311328 318973
318976 319654
319656 322877
322880 323069
323072 340149
340152 358344
358346 358846
358848 360360
360362 363238
363240 363454
363456 368977
368980 376830
376832 378042
378044 378848
378850 382669
382672 387310
387312 388718
388720 392958
392960 403137
403140 405406
405408 408029
408032 415101
415104 419838
419840 420350
420352 420862
420864 425297
425300 426205
426208 430504
430506 430760
430762 431898
431900 432922
432924 436126
436128 437306
437308 453531
453536 459034
459036 459758
459760 466990
466992 477792
477794 478461
478464 479482
479484 480480
480482 483590
483592 484317
484320 484605
484608 485886
485888 487038
487040 488166
488168 491969
491972 498686
500000 502440
502442 504056
504058 510225
510228 516413
516416 516890
516892 517190
517192 523944
523946 524286
524288 525158
525160 531182
531184 537515
537519 538270
538272 539418
539420 540541
540544 542958
542960 544040
544042 544542
544544 544858
544860 545182
545184 552294
552296 553467
553472 559784
559786 561149
561152 565246
565248 566718
566720 567064
567066 568273
568276 574005
574008 574346
574348 575864
575866 577229
577232 579326
579328 580966
580968 581501
581504 581882
581884 583078
583080 588542
588544 589438
589440 604707
604711 604712
604714 606846
606848 608110
608112 612045
612048 612966
612968 620970
620972 622653
622656 623294
623296 626330
626332 629758
629760 630526
630528 631294
631296 637056
637058 637947
637951 639309
639312 640640
640642 645755
645760 646139
646143 647848
647850 649384
649386 650888
650890 654190
654192 654570
654572 654618
654620 655358
655360 655960
655962 656414
656416 665066
665068 665214
665216 666110
666112 667374
667376 669920
669922 680299
680304 687870
687872 688552
688554 689638
689640 695066
695068 698592
698594 699048
699050 700486
700488 704510
704512 704622
704624 713574
713576 716688
716692 717693
717696 719224
719226 720721
720724 723944
723946 725386
725388 726056
726058 726477
726480 726909
726912 728830
728832 730558
730560 732250
732252 736392
736394 736446
736448 737955
737959 737960
737962 747290
747292 748030
748032 748200
748202 750830
750832 753661
753664 755624
755626 756085
756088 757697
757700 763674
763676 765339
765343 769640
769642 774621
774624 775336
775338 775786
775788 777434
777436 777437
777440 780390
780392 780734
780736 781950
781952 782334
782336 785917
785920 786430
786432 787738
787740 788582
788584 796774
796776 803870
803872 806275
806279 806282
806284 807406
807408 809128
809130 810813
810816 814438
814440 815870
815872 816059
816063 816814
816816 817288
817290 817774
817776 822138
822140 823782
823784 824186
824188 827390
827392 827960
827962 828442
828444 829086
829088 830203
830208 833774
833776 837798
837800 839677
839680 840701
840704 841725
841728 844646
844648 847870
847872 849408
849410 850078
850080 850595
850599 851226
851228 852411
852415 854190
854192 856730
856732 859134
859136 859718
859720 861008
861012 861520
861524 863797
863800 865845
865848 868990
868992 870170
870172 871450
871452 872253
872256 872760
872762 872824
872826 874613
874616 874618
874620 882814
882816 884158
884160 886206
886208 886554
886556 886952
886954 889832
889834 901118
901120 906174
906176 907063
907065 907065
907067 907067
907072 907610
907612 910270
910272 912166
912168 917160
917162 918069
918072 919450
919452 919517
919520 920558
920560 924906
924908 927002
927004 927210
927212 930042
930044 931456
931458 931998
932000 932064
932066 933981
933984 934942
934944 937598
937600 939496
939498 940478
940480 944638
944640 945434
945436 945790
945792 946942
946944 951432
951434 955584
955588 955590
955592 956923
956927 957210
957212 957630
957632 958965
958968 960961
960964 963822
963824 967181
967184 968635
968640 969211
969215 971773
971776 974077
974080 975014
975016 976333
976336 978942
978944 980382
980384 981286
981288 981856
981858 981928
981930 983038
983040 983939
983943 983946
983948 984622
984624 991934
991936 997022
997024 997373
997376 997600
997602 997822
997824 999166
999168 999999
113382 1
134378 113384
138366 134380
151176 138368
159486 151178
161438 159488
161534 161440
170074 161536
184488 170076
191334 184490
201568 191336
204014 201570
207550 204016
212648 207552
213102 212650
226765 213104
239230 226768
242158 239232
242302 242160
245984 242304
255112 245986
258206 255114
268757 258208
270270 268760
276733 270272
280574 276736
284136 280576
287002 284138
288614 287004
290750 288616
302353 290752
306022 302356
311326 306024
318973 311328
319654 318976
322877 319656
323069 322880
340149 323072
358344 340152
358846 358346
360360 358848
363238 360362
363454 363240
368977 363456
376830 368980
378042 376832
378848 378044
382669 378850
387310 382672
388718 387312
392958 388720
403137 392960
405406 403140
408029 405408
415101 408032
419838 415104
420350 419840
420862 420352
425297 420864
426205 425300
430504 426208
430760 430506
431898 430762
432922 431900
436126 432924
437306 436128
453531 437308
459034 453536
459758 459036
466990 459760
477792 466992
478461 477794
479482 478464
480480 479484
483590 480482
484317 483592
484605 484320
485886 484608
487038 485888
488166 487040
491969 488168
498686 491972
502440 498688
504056 502442
510225 504058
516413 510228
516890 516416
517190 516892
523944 517192
524286 523946
525158 524288
531182 525160
537515 531184
538270 537519
539418 538272
540541 539420
542958 540544
544040 542960
544542 544042
544858 544544
545182 544860
552294 545184
553467 552296
559784 553472
561149 559786
565246 561152
566718 565248
567064 566720
568273 567066
574005 568276
574346 574008
575864 574348
577229 575866
579326 577232
580966 579328
581501 580968
581882 581504
583078 581884
588542 583080
589438 588544
604707 589440
604712 604711
606846 604714
608110 606848
612045 608112
612966 612048
620970 612968
622653 620972
623294 622656
626330 623296
629758 626332
630526 629760
631294 630528
637056 631296
637947 637058
639309 637951
640640 639312
645755 640642
646139 645760
647848 646143
649384 647850
650888 649386
654190 650890
654570 654192
654618 654572
655358 654620
655960 655360
656414 655962
665066 656416
665214 665068
666110 665216
667374 666112
669920 667376
680299 669922
687870 680304
688552 687872
689638 688554
695066 689640
698592 695068
699048 698594
700486 699050
704510 700488
704622 704512
713574 704624
716688 713576
717693 716692
719224 717696
720721 719226
723944 720724
725386 723946
726056 725388
726477 726058
726909 726480
728830 726912
730558 728832
732250 730560
736392 732252
736446 736394
737955 736448
737960 737959
747290 737962
748030 747292
748200 748032
750830 748202
753661 750832
755624 753664
756085 755626
757697 756088
763674 757700
765339 763676
769640 765343
774621 769642
775336 774624
775786 775338
777434 775788
777437 777436
780390 777440
780734 780392
781950 780736
782334 781952
785917 782336
786430 785920
787738 786432
788582 787740
796774 788584
803870 796776
806275 803872
806282 806279
807406 806284
809128 807408
810813 809130
814438 810816
815870 814440
816059 815872
816814 816063
817288 816816
817774 817290
822138 817776
823782 822140
824186 823784
827390 824188
827960 827392
828442 827962
829086 828444
830203 829088
833774 830208
837798 833776
839677 837800
840701 839680
841725 840704
844646 841728
847870 844648
849408 847872
850078 849410
850595 850080
851226 850599
852411 851228
854190 852415
856730 854192
859134 856732
859718 859136
861008 859720
861520 861012
863797 861524
865845 863800
868990 865848
870170 868992
871450 870172
872253 871452
872760 872256
872824 872762
874613 872826
874618 874616
882814 874620
884158 882816
886206 884160
886554 886208
886952 886556
889832 886954
901118 889834
906174 901120
907063 906176
907065 907065
907067 907067
907610 907072
910270 907612
912166 910272
917160 912168
918069 917162
919450 918072
919517 919452
920558 919520
924906 920560
927002 924908
927210 927004
930042 927212
931456 930044
931998 931458
932064 932000
933981 932066
934942 933984
937598 934944
939496 937600
940478 939498
944638 940480
945434 944640
945790 945436
946942 945792
951432 946944
955584 951434
955590 955588
956923 955592
957210 956927
957630 957212
958965 957632
960961 958968
963822 960964
967181 963824
968635 967184
969211 968640
971773 969215
974077 971776
975014 974080
976333 975016
978942 976336
980382 978944
981286 980384
981856 981288
981928 981858
983038 981930
983939 983040
983946 983943
984622 983948
991934 984624
997022 991936
997373 997024
997600 997376
997822 997602
999166 997824
1 1
111 333
393 939
10000 20000
10001 19998
999999 999999
999999 999998
10101 01010
347 455
10000 1000
1024 128
7777 3333
2 1
10 1
999168 999999
999168 999999
999168 999999
999168 999999
999168 999999
999168 999999
999168 999999
999168 999999
999168 999999
999168 999999
637058 637947
999168 999999
637951 639309
639312 640640
640642 645755
645760 646139
646143 647848
647850 649384
649386 650888
650890 654190
654192 654570
654572 654618
654620 655358
655360 655960
655962 656414
656416 665066
665068 665214
665216 666110
666112 667374
667376 669920
669922 680299
680304 687870
687872 688552
688554 689638
689640 695066
695068 698592
698594 699048
699050 700486
151176 138368
138368 151176
151176 138368
138368 151176
138368 151176
700488 704510
704512 704622
704624 713574
713576 716688
716692 717693
478461 477794
479482 478464
480480 479484
483590 480482
484317 483592
484605 484320
485886 484608
487038 485888
488166 487040
491969 488168
498686 491972
502440 498688
504056 502442
510225 504058
516413 510228
516890 516416
517190 516892
523944 517192
524286 523946
525158 524288
531182 525160
537515 531184
538270 537519
539418 538272
540541 539420
542958 540544
544040 542960
544542 544042
544858 544544
545182 544860
552294 545184
553467 552296
559784 553472
561149 559786
565246 561152
566718 565248
567064 566720
568273 567066
574005 568276
574346 574008
575864 574348
577229 575866
579326 577232
580966 579328
581501 580968
581882 581504
583078 581884
588542 583080
589438 588544
604707 589440
604712 604711
606846 604714
608110 606848
612045 608112
612966 612048
620970 612968
622653 620972
623294 622656
626330 623296
629758 626332
630526 629760
631294 630528
637056 631296
637947 637058
639309 637951
640640 639312
645755 640642
646139 645760
647848 646143
649384 647850
650888 649386
654190 650890
654570 654192
654618 654572
1 113382
999168 999999
113384 134378
134380 138366
138368 151176
151178 159486
159488 161438
161440 161534
161536 170074
170076 184488
184490 191334
191336 201568
201570 204014
204016 207550
207552 212648
212650 213102
213104 226765
226768 239230
239232 242158
242160 242302
242304 245984
245986 255112
255114 258206
258208 268757
268760 270270
270272 276733
276736 280574
280576 284136
284138 287002
287004 288614
288616 290750
290752 302353
302356 306022
306024 311326
311328 318973
318976 319654
319656 322877
322880 323069
323072 340149
340152 358344
358346 358846
358848 360360
360362 363238
363240 363454
363456 368977
368980 376830
376832 378042
378044 378848
378850 382669
382672 387310
387312 388718
388720 392958
392960 403137
403140 405406
405408 408029
408032 415101
415104 419838
419840 420350
420352 420862
420864 425297
425300 426205
426208 430504
430506 430760
430762 431898
431900 432922
432924 436126
436128 437306
437308 453531
453536 459034
459036 459758
459760 466990
466992 477792
477794 478461
478464 479482
479484 480480
480482 483590
483592 484317
484320 484605
484608 485886
485888 487038
487040 488166
488168 491969
491972 498686
500000 502440
502442 504056
504058 510225
510228 516413
516416 516890
516892 517190
517192 523944
523946 524286
524288 525158
525160 531182
531184 537515
537519 538270
538272 539418
539420 540541
540544 542958
542960 544040
544042 544542
544544 544858
544860 545182
545184 552294
552296 553467
553472 559784
559786 561149
561152 565246
565248 566718
566720 567064
567066 568273
568276 574005
574008 574346
574348 575864
575866 577229
577232 579326
579328 580966
580968 581501
581504 581882
997602 997822
997824 999166
999168 999999
113382 1
134378 113384
138366 134380
151176 138368
159486 151178
245986 255112
255114 258206
258208 268757
268760 270270
270272 276733
276736 280574
280576 284136
284138 287002
287004 288614
288616 290750
290752 302353
302356 306022
306024 311326
311328 318973
318976 319654
319656 322877
322880 323069
323072 340149
340152 358344
358346 358846
358848 360360
360362 363238
363240 363454
363456 368977
368980 376830
376832 378042
378044 378848
378850 382669
382672 387310
387312 388718
388720 392958
392960 403137
403140 405406
405408 408029
861520 861012
863797 861524
865845 863800
868990 865848
870170 868992
871450 870172
872253 871452
872760 872256
872824 872762
874613 872826
874618 874616
882814 874620
884158 882816
886206 884160
886554 886208
886952 886556
889832 886954
901118 889834
906174 901120
907063 906176
907065 907065
907067 907067
907610 907072
910270 907612
912166 910272
917160 912168
918069 917162
919450 918072
919517 919452
920558 919520
924906 920560
927002 924908
927210 927004
930042 927212
931456 930044
931998 931458
932064 932000
1 10
100 200
201 210
900 1000
3789 57731
9901 13
33 44
420864 425297
480482 483590
483592 484317
245986 255112
255114 258206
258208 268757
270272 276733
276736 280574
280576 284136
284138 287002
680304 687870
687872 688552