3822 18760
17168 2775
20226 11240
15446 1598
3979 12819
20522 15956
7684 16638
13353 17611
16455 19403
7621 16402
5972 13391
908 4380
31121 28648
8771 1038
2452 28735
1026 21102
32322 31488
25986 2405
1442 27639
24929 595
27587 2924
11064 13747
20823 19895
21521 29868
3526 31
16839 10149
25928 2069
24172 14991
17586 12533
24482 8950
6111 31289
1721 31899
32145 4489
5798 3082
15533 20995
1892 27304
27646 13140
4498 16402
11662 3298
5053 3979
17104 11785
4609 11826
32203 25480
18314 31912
9059 2670
1745 19365
5822 21579
12146 5917
14358 29129
4600 28669
7622 20637
8708 23572
23506 23562
20408 23659
11820 8298
21581 21192
5042 12280
28694 25327
23997 25008
5379 6099
17257 31590
17029 28198
20824 5682
26554 7320
26889 10121
28439 4221
22614 6422
18768 32221
28490 7149
4687 12544
19156 20521
1290 8063
7124 16375
7962 10522
11329 11592
30657 25198
27603 6635
12463 30920
21976 11865
11605 27985
8288 21560
23217 29126
10866 25627
648 20377
27237 13269
3111 8446
12863 1401
1478 12361
25053 19089
15565 25361
17304 20382
12814 21402
23859 2761
12052 32586
11506 25230
11590 9
31162 31507
27607 14200
18650 15161
19580 32745
18856 22501
8066 23002
8030 7816
12169 9803
20546 19451
7301 5935
13908 31848
14357 10890
5665 7353
1154 7335
29111 29696
28137 5199
8652 1778
15347 32697
29167 14918
28708 7555
12473 8252
29897 5265
29125 5481
28939 18835
11306 10404
30110 9802
4433 6747
9700 21364
6281 32283
22018 30836
21594 13253
32217 26628
5462 25399
30068 20487
20296 12613
27736 12022
21752 6963
2052 27395
18386 27645
27862 2824
2138 2078
11000 14227
22475 5557
20649 21986
2841 22659
13373 25842
32294 10920
21025 11380
13057 20418
179 17971
2365 15824
26778 7083
16039 8620
19236 29032
8623 11983
13985 20968
3669 5725
24330 18531
10748 75
24328 25465
19852 19298
23072 13236
10298 14924
29790 3994
5112 19879
15140 5434
15247 1374
1759 19344
31888 29475
18586 10018
18036 5225
6096 32495
10687 29237
11519 15219
16031 29581
26463 24157
1852 7272
15609 20507
17478 2911
11622 21941
11967 14681
17955 21068
6796 15120
26409 21594
14144 2523
17731 31978
4629 26240
3449 22094
30800 29630
1199 20831
26774 6576
20159 8823
2876 19709
14928 11207
27105 28537
4195 31218
19645 23189
8157 14913
9478 1489
5030 20438
11712 19032
7597 407
1380 17430
13217 20449
30902 5880
15108 13140
9506 5586
26759 20330
1075 31340
6856 7531
14446 1434
371 30819
21305 3213
9020 2191
8468 30185
16990 31252
1205 15667
31918 14838
2865 24251
4030 11773
29530 18654
15156 30224
26373 19957
18605 367
27019 27221
4323 23210
1672 488
27677 9697
618 19531
2930 17199
32765 3358
24429 10463
2277 19797
17928 28229
18984 18376
23132 29366
20918 10040
620 9615
9509 24888
28001 15015
32101 13697
837 904
3158 11407
8285 1698
12849 26510
22704 24801
32656 2578
17535 16948
15865 18937
8037 16497
3998 30377
5282 20801
21153 27220
3186 24013
6823 9094
20324 28469
16945 28430
14672 31652
10444 1609
29724 3136
4179 31880
427 24351
9214 10355
13372 3917
9630 20049
26452 30969
22996 19356
4764 25609
14343 11675
27325 21786
25607 20120
13065 20989
3749 20579
26756 3080
5429 6737
158 12235
2591 18216
19487 10751
562 20311
11302 8116
12555 28534
27925 10491
19593 28063
6479 26979
10196 29937
21297 21669
25109 30177
13630 7858
32561 14906
32326 23076
14442 29232
32274 4827
8607 2140
30179 10674
12326 11691
2428 21138
16079 10824
7752 16804
8578 32626
22909 26591
9799 7791
15551 17001
18073 5789
22072 18469
5041 6800
10084 24707
24739 4116
21732 32237
7348 14345
30690 18732
8712 30699
3541 29774
23481 28180
12476 22499
15467 25336
9838 10465
7630 5578
8383 12091
9769 31720
22936 13792
10876 21843
2252 15056
31622 25083
23355 8951
21332 23678
7484 28142
23480 11951
9008 23430
23453 21761
29689 6387
20873 8381
2795 6784
2354 32375
28609 6823
10308 10490
29635 25128
32365 18
22124 2106
27469 24355
19482 1463
24997 22198
27214 28898
17602 27895
6855 23758
32455 32416
5260 12719
11297 20520
4696 2952
22848 8853
4052 884
2179 3137
8264 31957
17662 21751
21790 22248
22534 13037
14671 15257
27684 22599
15954 7232
20606 10371
27327 31631
16219 8558
2641 27624
973 23023
475 743
17739 2009
25803 2235
22436 29543
5502 17145
5599 3756
1691 31774
19574 32660
31833 31103
21771 608
10953 17186
7992 18146
24995 20908
20062 16224
26203 11868
14066 6553
24774 13978
30931 10233
27870 14033
31688 12614
16764 20708
26363 14043
13676 31402
27394 28740
18760 22961
17148 24296
8175 22390
11036 28158
30971 30543
6535 17905
4050 29972
17086 6570
17023 16291
13192 17753
12282 1175
10788 30543
14244 5823
11560 18406
29697 14968
17679 4390
480 19863
9724 4383
21451 2164
10848 12335
2943 31001
7553 17495
29997 15118
29019 24114
17530 1050
27635 29763
777 2036
19760 10897
25563 5728
10769 6472
3376 5435
4774 539
2987 13836
897 22232
9726 1709
27029 26770
5640 13603
20859 11453
30534 29208
16995 4232
9187 17480
11951 14226
32206 8572
11786 19276
4539 26435
14329 1638
15358 26382
1098 22741
20067 1474
19669 3597
12916 31541
31874 27683
4649 5147
13245 23138
30722 28853
10244 24688
10018 30304
17453 2550
14353 10239
7957 27028
10352 32486
26437 12992
1908 30991
1572 30166
29293 10042
11369 26515
6610 21029
19473 13881
30590 9600
5026 4273
5912 19427
30522 18307
7979 3445
11820 1782
13597 15437
10245 9569
11197 13640
15032 17066
18099 25619
22153 31640
2521 14872
15836 30759
6788 495
13965 13361
21628 26913
7511 30850
27507 8107
14501 2966
19373 1338
29314 31396
444 4636
3734 25767
19954 1710
14924 11230
10334 22638
27000 25133
16539 24152
4825 2443
18899 32382
18564 1552
19682 10649
18027 28243
15440 18127
31202 2441
22044 26058
2770 14855
19382 29867
10893 27549
19161 10073
28188 8209
6673 9883
20452 23744
25685 22235
7333 24910
30961 26799
32449 21960
25356 23090
18864 7780
28382 24596
7996 24256
15554 3176
22925 22224
14010 7098
28352 7762
29832 13172
9693 3310
8554 171
10160 12727
5042 15149
17054 15901
3605 11896
28820 17081
21794 30548
28305 15787
28373 449
19763 11539
3485 4201
32611 25662
17074 953
6091 14876
19430 4369
13834 9372
20642 27101
31449 30000
22580 26995
9043 19832
20652 10291
21499 16229
8238 2409
5012 2234
7070 18085
18475 19112
11675 24152
9154 14170
6376 80
22200 2570
23388 18396
2408 15663
32317 9881
21209 21356
3444 4407
2823 13065
21224 6830
16243 18485
16727 2472
5156 26486
18711 14867
22718 26930
32751 19054
14101 31496
232 13487
30451 28808
15888 20363
19401 22487
12246 13013
28756 22214
15358 31237
1437 9921
28161 10774
16307 21770
9937 1426
23240 17666
22735 10849
27992 24080
5315 24194
1287 26598
20621 30615
4589 13293
19689 8248
151 23600
61 28155
11297 25225
15306 5929
18063 31151
12054 5065
6470 4813
2056 2879
8886 12615
31440 17681
3183 31969
22490 32524
6533 9989
23128 5740
11377 30816
12984 8034
31004 19706
27015 16361
2528 30398
27719 30049
21453 2658
21320 20680
18130 10617
590 5688
32452 17233
20300 18738
10454 13319
26592 27161
19959 15273
1641 31426
4964 22551
2054 28807
25754 5420
9215 25258
23811 4025
24454 12447
20328 30899
30304 29534
26969 156
10492 29733
32509 19260
10099 15089
25520 27561
21334 27048
20078 15453
15813 6371
15425 29918
18991 11748
9374 20420
5119 2477
24416 21182
23435 21665
21220 15002
8349 17080
3526 7619
19186 30002
25887 3701
17073 15094
15230 2747
12295 23466
6473 12730
219 27847
9176 25432
31410 32105
8815 20749
31966 2069
17339 20746
14184 21290
5376 3461
22371 19808
6546 2663
18617 9430
3450 30153
32400 25529
9254 23432
24041 12766
7323 14472
2400 20324
1226 3413
3849 22574
27453 4506
15867 355
16348 9237
12277 9192
13062 1101
32327 6870
641 4201
4974 23682
14023 5229
10667 19934
29775 17611
15204 18225
4031 27173
24424 21918
13203 19496
9961 20914
12911 24916
4357 4275
2787 5811
3482 12651
11182 26753
9665 23130
31647 18273
22980 4911
14976 21007
4673 3141
12478 20410
2443 10704
22879 6503
28915 772
15866 7846
24244 18171
14474 4696
4074 5737
1424 23527
28956 424
30013 9349
29394 26884
15905 3657
4992 30824
9585 29035
24385 17184
4362 30201
23653 8502
2926 16175
30981 26488
19909 31983
27532 24201
11673 20674
8340 6508
13748 26614
28244 32131
22614 17190
10431 27144
24703 32224
11909 19598
13061 18519
1812 31598
14195 13459
25809 31500
11078 7595
4968 28131
9193 25185
7191 23492
32025 17209
32303 3013
22757 26442
29388 20291
32063 4374
28339 24768
2406 12053
24432 31241
16449 7124
13153 32664
5330 7911
8666 19308
27576 20403
18360 23032
25363 9228
19870 3076
10566 22571
11487 381
26374 23798
24273 15326
15933 20263
23023 11225
2843 16923
22113 12781
27436 26050
29835 8954
27834 18938
1604 3897
7620 23235
944 18142
21534 14696
1480 11348
1198 4743
14799 2583
16136 25574
25494 16145
8909 2572
17754 25741
4554 16271
29197 1943
5106 8331
12519 12506
4586 23873
3446 2491
31147 31568
26211 18819
2190 32257
8423 24699
25494 23748
27563 24703
22401 6654
13206 5939
16857 15747
2012 18246
32762 5909
2122 21370
19566 31806
5602 23060
13267 11912
4282 25754
32027 7123
3557 3797
30235 15427
5898 18822
17240 28268
21214 11931
29271 24897
17861 15553
29327 12025
9270 31486
5179 20428
8211 26423
5184 17879
27194 23644
30948 5791
26572 7877
14826 28467
14562 8063
4504 23255
32080 24621
19518 15293
10741 15959
4925 12447
17142 19200
17324 5683
6229 14315
25914 435
24060 935
9663 23333
1127 9261
12787 9848
19059 26923
17797 22270
6799 24971
17852 22449
21708 17469
16137 4341
31231 11576
32076 11486
21926 23306
14331 6914
18790 27271
30998 19091
10874 30331
15255 472
11354 31514
10284 7538
25434 32007
10128 1069
30562 1922
2988 4188
9520 8318
2125 18067
7027 30676
16555 21804
4451 14592
27433 8135
7503 24544
9257 10538
11925 24198
28751 1301
19873 13814
30113 19598
19448 25456
30050 18453
2189 891
17297 14576
18797 20570
1241 31525
4405 28054
25834 31446
9668 8647
23574 30525
579 8352
17632 33
14983 11421
14233 29997
12104 30211
3491 655
13720 13633
32536 10705
9551 5158
1070 2605
27495 87
28276 17585
4822 21919
23996 16198
23252 12704
14286 28727
1726 27228
31248 21711
5724 17810
11430 26813
9218 21896
31417 17809
4338 8922
25288 5159
26660 14620
5261 31045
16677 5246
14652 16574
21131 29172
2650 27229
15796 20322
21904 14255
30269 26817
30212 10792
25208 24465
23811 11252
28697 19813
24806 30213
27904 24895
8760 20164
25234 4799
23059 22418
21430 5562
10465 27662
19957 20602
14008 15690
26147 10590
31538 14237
436 6719
22420 24020
26566 21219
25312 11768
13356 21526
8938 3624
5620 30405
14660 17349
26221 21419
20234 28211
894 26932
5433 28470
24834 27474
3666 19181
23140 482
31210 9684
19847 6281
5028 15444
30942 23578
27345 5497
5825 13119
9478 30981
5010 1066
15661 2545
22450 5196
19070 18292
16570 17548
31363 2951
29690 19301
31432 8210
16233 20832
10609 27052
24516 26875
29686 26222
2523 11958
26123 31269
21922 14720
15239 28558
9887 23459
27172 13707
3255 30256
32175 18332
32464 17716
1326 12257
3880 22405
10663 18263
23635 11138
7683 31970
713 5767
13797 7041
32065 29165
16098 12017
10585 14546
10197 23246
22128 3987
7503 24876
20445 27213
10349 22021
14076 31538
24126 3618
11347 7644
7790 28736
22543 26082
935 5428
16286 31722
4402 8916
13387 22506
1628 21046
5281 1775
3935 32213
24945 26117
2101 4310
152 7440
17058 20168
32308 10121
15826 27438
16684 28351
475 4345
3969 9623
32348 10381
6076 22618
16440 30164
28419 25717
25362 23230
6462 30108
4600 29932
25989 15558
6565 17448
21411 10476
22079 29433
27979 7667
24425 16028
11546 18559
19324 27569
20660 10434
7487 15387
16670 16255
1919 17699
23130 30034
1750 6167
25621 26815
5533 6059
11728 30380
