1 113382
113384 134378
134380 138366
138368 151176
151178 159486
159488 161438
161440 161534
161536 170074
170076 184488
184490 191334
191336 201568
201570 204014
204016 207550
207552 212648
212650 213102
213104 226765
226768 239230
239232 242158
242160 242302
242304 245984
245986 255112
255114 258206
258208 268757
268760 270270
270272 276733
276736 280574
280576 284136
284138 287002
287004 288614
288616 290750
290752 302353
302356 306022
306024 311326
311328 318973
318976 319654
319656 322877
322880 323069
323072 340149
340152 358344
358346 358846
358848 360360
360362 363238
363240 363454
363456 368977
368980 376830
376832 378042
378044 378848
378850 382669
382672 387310
387312 388718
388720 392958
392960 403137
403140 405406
405408 408029
408032 415101
415104 419838
419840 420350
420352 420862
420864 425297
425300 426205
426208 430504
430506 430760
430762 431898
431900 432922
432924 436126
436128 437306
437308 453531
453536 459034
459036 459758
459760 466990
466992 477792
477794 478461
478464 479482
479484 480480
480482 483590
483592 484317
484320 484605
484608 485886
485888 487038
487040 488166
488168 491969
491972 498686
498688 502440
502442 504056
504058 510225
510228 516413
516416 516890
516892 517190
517192 523944
523946 524286
524288 525158
525160 531182
531184 537515
537519 538270
538272 539418
539420 540541
540544 542958
542960 544040
544042 544542
544544 544858
544860 545182
545184 552294
552296 553467
553472 559784
559786 561149
561152 565246
565248 566718
566720 567064
567066 568273
568276 574005
574008 574346
574348 575864
575866 577229
577232 579326
579328 580966
580968 581501
581504 581882
581884 583078
583080 588542
588544 589438
589440 604707
604711 604712
604714 606846
606848 608110
608112 612045
612048 612966
612968 620970
620972 622653
622656 623294
623296 626330
626332 629758
629760 630526
630528 631294
631296 637056
637058 637947
637951 639309
639312 640640
640642 645755
645760 646139
646143 647848
647850 649384
649386 650888
650890 654190
654192 654570
654572 654618
654620 655358
655360 655960
655962 656414
656416 665066
665068 665214
665216 666110
666112 667374
667376 669920
669922 680299
680304 687870
687872 688552
688554 689638
689640 695066
695068 698592
698594 699048
699050 700486
700488 704510
704512 704622
704624 713574
713576 716688
716692 717693
717696 719224
719226 720721
720724 723944
723946 725386
725388 726056
726058 726477
726480 726909
726912 728830
728832 730558
730560 732250
732252 736392
736394 736446
736448 737955
737959 737960
737962 747290
747292 748030
748032 748200
748202 750830
750832 753661
753664 755624
755626 756085
756088 757697
757700 763674
763676 765339
765343 769640
769642 774621
774624 775336
775338 775786
775788 777434
777436 777437
777440 780390
780392 780734
780736 781950
781952 782334
782336 785917
785920 786430
786432 787738
787740 788582
788584 796774
796776 803870
803872 806275
806279 806282
806284 807406
807408 809128
809130 810813
810816 814438
814440 815870
815872 816059
816063 816814
816816 817288
817290 817774
817776 822138
822140 823782
823784 824186
824188 827390
827392 827960
827962 828442
828444 829086
829088 830203
830208 833774
833776 837798
837800 839677
839680 840701
840704 841725
841728 844646
844648 847870
847872 849408
849410 850078
850080 850595
850599 851226
851228 852411
852415 854190
854192 856730
856732 859134
859136 859718
859720 861008
861012 861520
861524 863797
863800 865845
865848 868990
868992 870170
870172 871450
871452 872253
872256 872760
872762 872824
872826 874613
874616 874618
874620 882814
882816 884158
884160 886206
886208 886554
886556 886952
886954 889832
889834 901118
901120 906174
906176 907063
907072 907610
907612 910270
910272 912166
912168 917160
917162 918069
918072 919450
919452 919517
919520 920558
920560 924906
924908 927002
927004 927210
927212 930042
930044 931456
931458 931998
932000 932064
932066 933981
933984 934942
934944 937598
937600 939496
939498 940478
940480 944638
944640 945434
945436 945790
945792 946942
946944 951432
951434 955584
955588 955590
955592 956923
956927 957210
957212 957630
957632 958965
958968 960961
960964 963822
963824 967181
967184 968635
968640 969211
969215 971773
971776 974077
974080 975014
975016 976333
976336 978942
978944 980382
980384 981286
981288 981856
981858 981928
981930 983038
983040 983939
983943 983946
983948 984622
984624 991934
991936 997022
997024 997373
997376 997600
997602 997822
997824 999166
838992 839647
688444 688490
437235 437177
569802 569375
837239 834325
728186 727781
322963 323009
402874 397027
669165 669797
244935 243625
930151 930675
782212 782189
974500 974983
636337 635909
973649 973701
608086 607961
969193 969200
756002 756075
105448 106590
777437 777437
550775 549867
253905 253468
956959 957084
426945 430406
828352 828414
874520 874282
376315 374039
697088 698368
764445 764337
269926 270210
813694 814033
779724 780274
805567 805065
206926 204323
829024 828950
432893 432906
910756 911399
622340 621298
784447 782456
983029 983032
508666 504657
309473 310806
829760 829105
558884 555762
955590 955590
859615 859268
911325 910348
927204 927207
781942 781452
574318 574292
902599 904749
725370 725311
927176 927176
402649 398955
621701 622440
775436 775763
459517 459751
606417 606421
717644 717591
726704 726613
539758 539451
960649 960961
581669 581650
399568 401381
688402 687966
434655 435386
566299 566101
415504 419014
971648 971517
540498 540303
817095 817259
284168 285571
781723 781569
516852 516752
405356 404927
481486 482635
726300 726249
775102 775070
969204 969199
922213 922992
315658 316791
963007 962442
666422 666787
434307 433042
955590 955588
530397 527560
974303 974318
365235 366544
955590 955590
459488 459125
725755 726024
874618 874618
160203 161328
604703 604594
388639 388660
984266 984073
479261 478741
485724 485645
860900 860129
906683 907006
521507 522316
638409 638379
919159 918143
378420 378558
645904 646048
835893 837531
430729 430670
566986 566875
524625 524717
716848 717187
161527 161508
407135 406696
997732 997730
756504 757041
509318 509773
920037 920311
932056 932056
938371 938823
968282 968219
482901 482540
358713 358629
748086 748190
748015 748009
848252 848247
242256 242247
563373 564219
724758 725261
242205 242177
575290 575661
898106 892106
485732 485833
717666 717551
736444 736443
318744 318772
143568 150994
919517 919511
725371 725385
747679 748004
639082 639238
788227 787809
612354 612884
273457 273212
910363 911664
161270 161328
859766 860138
444046 445992
212866 212686
981888 981905
640497 640072
152971 153532
817714 817721
807207 807388
196030 193492
913745 914188
543577 543629
944831 944766
934833 934791
544336 544111
780642 780703
652799 652916
946701 945881
905872 901520
832751 831530
775486 775515
665109 665177
151090 151147
339309 339402
736444 736445
756230 756625
388038 387983
776633 777188
726444 726466
550092 547437
865512 865556
525047 525000
725846 726023
479748 479757
426054 426139
516852 516873
863874 865350
815846 815040
872329 872607
254720 254861
919088 918999
787864 788107
289382 289101
134990 138341
478140 478130
817135 817288
319231 319294
610861 611529
693883 690552
920195 920122
517142 517093
431698 431706
858771 858253
904585 902462
749769 750173
861303 861370
828412 828248
932002 932042
498784 500961
932059 932059
481044 481079
656107 656405
729958 730198
637891 637894
737349 737880
175834 176730
544810 544720
748936 749861
946502 946846
543402 543010
974066 974065
871887 871867
822420 822841
982550 983009
378338 378816
137313 137539
930522 930829
983870 983684
605551 605460
281081 283731
852241 852189
794908 794426
770616 774102
542767 542791
516917 517185
888887 888872
580098 579886
935279 935958
297615 295438
212748 212892
856335 856726
858650 858609
814933 815342
963509 962052
969166 968927
575904 576941
406024 405550
314727 317301
951296 950107
579599 580242
530181 530977
582516 582726
932048 932047
849518 849977
945867 946428
580752 580938
544853 544857
436756 437138
927173 927158
257861 257958
649297 648861
828398 828386
340556 347368
539913 539673
368573 368507
806219 805775
728623 728114
723418 722360
872770 872774
524273 524194
942078 944498
782258 782002
957191 957187
654545 654545
319439 319422
939918 940237
997258 997318
544855 544856
840057 840532
503958 502767
733374 733296
666812 666392
714229 714936
585191 586817
786202 786257
432565 432156
303594 304612
939628 940028
775767 775765
426021 426140
815826 815724
161034 161386
654598 654593
169948 170001
431483 431156
998709 998027
983943 983945
688746 689058
358464 358694
430608 430710
655038 654940
927112 927014
764965 764888
883962 883837
906984 906692
786224 786226
916433 915921
621549 622422
952268 953840
955592 955832
488462 490482
773305 771445
872215 871955
182390 181906
957512 957226
817689 817409
774744 775034
736434 736438
432241 432110
850562 850573
873853 873800
133017 133073
479374 478998
161420 161130
934886 934926
501096 499859
626641 629376
804843 805033
321638 320856
612901 612218
742349 743828
212950 212795
648870 648037
525098 524310
955677 956836
295691 293559
872693 872702
505422 508042
242301 242301
718984 718714
816290 816201
574615 575075
581705 581575
203863 203757
392523 392521
304986 302499
957486 957580
581406 581360
934271 934520
207889 212511
573852 573839
817574 817391
612858 612845
516548 516427
261616 266288
997801 997801
512849 511080
906109 904678
689614 689606
478248 478371
775336 775100
709285 713002
655862 655926
188747 190724
630314 630062
983030 982095
940019 940280
778942 778882
883112 883873
621021 622107
234054 236872
850541 850501
624354 625170
934426 934035
379873 381649
732023 731939
932017 932054
984425 984389
915619 917103
912398 913134
932994 932207
939411 937942
688437 688285
161150 161273
665304 666008
387996 387535
816014 815983
823608 823736
806282 806282
522991 519284
884143 883706
953862 953623
478627 479129
817066 817215
398855 400761
544820 544812
967093 964561
886490 886303
906964 906419
117489 125456
220837 219956
717272 717414
488033 488107
757683 757498
181683 173914
782310 782271
580049 580846
686485 687044
203139 201699
509252 509737
681245 684592
931844 931822
270196 270158
765106 764031
665928 666020
252874 254380
997645 997749
478318 477926
363409 363345
309490 310140
883657 883748
218661 221914
722252 723275
980887 981244
264682 266111
869784 869388
755972 756000
760379 762083
756011 755735
874617 874617
606703 606580
731635 730851
799358 797098
973189 973087
490948 488429
803815 803794
604711 604711
630777 630782
322667 321315
282819 283045
777437 777437
622288 622649
754193 754641
588874 589438
553071 552316
848576 849355
997444 997499
647635 647417
785670 785513
581806 581726
319036 319616
719770 720189
407928 408018
546362 545664
830934 832630
359633 359842
206685 206722
257620 258062
610409 611656
168843 167093
436570 436512
945707 945443
244320 245886
927172 927194
997282 997230
310745 308381
600020 595264
907508 907510
774673 774889
666904 667052
632526 633335
848415 849228
566233 566373
971531 970456
628930 629515
524058 524249
352242 354138
553252 553323
873301 874458
431536 431735
728226 728330
458622 456964
726251 726366
998593 999162
496413 496431
849363 849075
980661 981279
718954 718649
732123 732173
717878 718844
747862 747442
560977 560240
637512 637605
420753 420772
688407 688249
239949 241657
663344 663064
755766 755861
516731 516576
243283 244160
837752 837719
656409 656357
959266 959085
775159 774884
530908 529779
925436 926655
693636 694598
930864 931000
616673 618845
979580 979614
314162 317316
242259 242223
270034 268930
203052 203330
466535 466755
247351 251763
553398 553390
815989 816029
599292 604024
649284 648840
917507 917987
930462 930183
656414 656361
945266 945366
459526 459663
820740 822112
478470 479426
544957 545001
764781 764756
793568 794052
932063 932058
484403 484461
834871 835257
688362 688504
870096 869914
453008 453156
667012 666867
486647 486689
254417 250489
807182 807370
161490 161467
87244 94743
544037 544038
747997 748022
725456 725844
829219 829682
541965 542345
163548 166480
378537 378585
853905 854149
544487 544264
430844 431407
675730 674302
407242 407451
544764 544789
926698 926787
973969 973476
787941 788129
607997 607692
654674 654925
544866 544888
964412 964870
605472 605594
588807 588596
934768 934433
874617 874618
788555 788542
541507 541442
972486 972613
721689 720952
619227 619506
388643 388249
815965 815996
544814 544722
851150 851161
735488 733310
941421 942617
787605 787697
666369 666479
428960 429472
780014 779543
871773 871998
580632 580618
420337 420272
516870 516870
566688 566582
606653 606740
725226 724036
286622 286803
856594 856316
749559 750801
817669 817669
704556 704622
970706 971417
777436 777436
204991 206160
900908 899519
567060 566736
257065 257381
849847 849755
543974 543994
537820 537753
621485 622188
484270 484228
640612 640518
775166 775300
737868 737880
701177 702481
581086 581109
457608 456316
577957 579270
666646 666888
782316 782211
816032 816023
755310 754161
582968 582952
359056 359470
638214 638097
974420 974131
561034 560776
916920 914446
359580 359048
438438 447208
121634 120430
894037 895447
872782 872811
819773 821455
970330 971238
450548 449540
646019 645864
826610 826049
630247 630160
969419 970622
777983 777693
782290 782217
755918 755713
682189 684409
906845 906378
869639 869162
358779 358831
516852 516873
755696 756049
616562 615395
476319 471177
700334 700050
537305 536811
946079 946446
629932 630208
625390 625673
289993 289893
860847 860964
589351 588604
649225 648609
583912 585462
806282 806282
524627 524880
945687 945743
886656 886743
794599 795791
806280 806280
978925 978090
717247 717257
873500 873789
984348 984615
704620 704620
720514 720063
645850 646107
604531 604658
479300 478747
556696 554400
568254 568247
484112 484302
973849 973613
488026 488058
420733 420622
747892 747998
190989 190670
788247 788250
388433 388190
540113 540164
774607 774610
239911 240514
964049 963947
844425 844289
816038 816012
656410 656164
869875 869860
630178 630151
850445 850495
829798 829779
