506967 75699
836552 810863
860338 268682
630567 210020
868238 516656
366950 178748
685861 992656
946953 60255
354950 141189
711159 214288
604721 841184
97407 310607
805081 205138
615522 163688
752193 230412
561435 853502
169319 616066
850311 60285
989995 118589
991145 152064
781600 455813
146900 435809
757804 28965
712384 550980
414476 914599
652753 706371
621993 273629
307673 940916
314678 937533
132546 594976
366272 273894
452650 293007
871346 126781
285580 131013
974586 259204
962046 331965
442829 859176
5424 832268
123663 348354
312880 493944
694211 21652
564276 321203
162143 216493
186510 397689
398365 188029
770415 718306
425259 156646
535622 282539
840801 49888
876953 698944
990398 363682
364086 171122
933004 915217
109804 675162
810897 210433
55194 708114
245612 838810
462160 441600
891818 260713
764929 772579
535835 787226
126038 719742
265937 643122
307379 906896
765263 260435
371259 127405
52633 599792
453034 534102
25380 915036
702044 51798
604160 856127
903539 59224
947956 663308
935334 64394
756814 586375
319380 972614
718519 869953
307220 496949
670217 617773
201266 662599
764622 827663
746534 590969
283459 24882
534608 370701
239002 101
908063 21181
70322 98441
369691 88868
623545 230966
394020 961800
409706 261025
902631 78457
105837 583287
739415 405157
727795 980331
606137 725978
647274 473239
494362 68482
132793 120888
197731 673503
940354 653815
860844 767484
989245 167545
880401 212891
688666 588928
459626 991806
765626 9679
662585 838202
545058 671876
211955 622340
566427 705696
425799 554653
193327 137104
79718 354451
288659 281593
896576 991269
165442 93660
856644 331759
56506 242694
56627 372467
69412 484375
919475 176462
785789 752199
600035 567958
773086 604918
199039 818039
666275 144724
446821 442438
907102 137154
252660 27284
960587 697455
315022 664759
937344 400276
438906 232399
719565 783438
436497 114839
889411 880720
541882 447775
643839 791676
381978 604549
169909 886312
361000 772084
96341 324498
861277 630521
276135 319696
880949 231140
839268 740535
72850 139309
333285 665438
226756 936179
62437 338529
577083 997463
82504 981217
166186 737864
838370 370247
550950 831161
627125 5695
993853 145009
615738 28936
260125 165864
71240 327528
843686 560933
321987 52732
341053 636851
597790 549262
449394 9995
48894 659551
644325 3448
307389 298281
298716 553704
99449 509227
441492 521700
823618 824427
966959 916819
336509 232166
255485 994673
851882 749373
179393 488522
815897 967977
635740 710571
463853 949788
261844 651969
447861 733977
55810 208467
5736 964264
794751 186449
775677 506958
321724 196332
52254 36558
577501 525260
831562 501831
707217 385968
215559 590900
769457 813694
795368 629057
431048 81590
659667 547443
851024 599644
309354 579418
692056 111924
100778 596592
728915 190955
211785 171468
166732 297518
562004 471296
584770 420411
855818 622669
202110 928173
997039 688539
761360 878265
325365 726491
429976 850949
589222 583462
366270 182058
322692 597517
562960 26690
991178 902209
366420 917377
387633 488144
575978 724255
957333 49487
525617 327916
783810 311428
330416 72899
469947 376562
925774 773124
460571 926609
806724 272432
275384 710063
727356 420745
826686 81646
557495 107958
633906 452920
129913 283085
588775 854697
882517 7598
384984 357868
806497 951635
650051 279538
247385 745117
851536 63704
492779 637328
176623 349831
397481 776925
558681 607122
108851 85704
644070 125558
909310 387507
727586 649713
884529 513510
591268 677227
815689 242863
726598 737108
955934 201617
302458 203287
407748 910868
597797 801092
539129 780222
387163 183748
525157 490053
608797 756968
547223 230571
131157 99316
27216 933885
652924 942423
879947 721771
266661 24703
357429 828104
730685 613682
664351 671157
348510 613423
297765 503007
389656 150248
471585 708453
234567 425898
291695 532616
545302 796041
154701 384476
367327 689978
677131 239728
257606 983927
839358 776345
717717 580489
234976 263102
353872 126560
198136 983469
886359 113867
741261 827906
675008 776359
751939 100882
366221 857391
801257 64229
117212 343216
849192 315183
452616 253432
772237 210708
36278 228370
281696 165100
274014 710283
869433 112263
213555 859989
902222 472610
722918 705920
774311 698295
729449 375969
507746 440623
55996 102330
282846 120567
366253 108283
513697 771572
851705 444895
167758 564600
547100 688043
180274 311185
986683 896855
626872 792182
450610 146790
564468 596295
322471 116141
266368 5122
456185 977960
632110 766292
831744 237699
346697 884808
258093 426614
535832 899893
472091 880683
699283 165813
176758 519797
458875 711404
307372 696930
656237 912207
940365 515691
80276 242377
683610 771411
445260 273135
37277 85476
713725 354513
825330 68902
243259 798137
357574 436380
801485 969803
740491 259562
477926 882024
285703 469691
862560 641452
410390 827411
316425 470502
257648 955626
55749 552988
612717 940504
133031 277236
102451 303983
913928 826017
92735 334178
598203 790619
354484 851520
102693 90405
531623 618066
611546 732244
963919 44315
610234 760973
318262 970743
41942 619443
957381 236420
373011 762462
251765 234465
731308 532538
497319 129585
845621 313659
338062 575676
755707 537213
773774 913898
416161 13797
990376 532963
766816 832483
665177 523377
972320 201233
695519 589334
258061 117587
194353 601322
322262 106451
758360 381265
797161 86891
569382 127298
380045 464886
104711 424582
373428 897137
502273 531160
544473 212781
622588 901044
624658 265069
193370 518026
167891 187082
177471 178968
715592 450695
36231 545728
837282 675251
847573 523925
240396 634793
293424 677196
944512 392196
967054 192061
75721 108593
601464 468888
958579 760475
137258 503247
128277 305997
887658 469674
983594 456743
950702 240901
245049 687866
230369 236325
646059 905711
884814 384407
381172 307832
421133 297181
284406 313165
220447 568995
682099 302083
1447 48152
962893 475199
331912 595859
757003 703669
235986 698853
913003 340167
25611 532616
326395 140999
272331 129167
170023 516500
491511 743551
415626 56462
320071 830230
786834 669297
324415 254771
557939 171372
284107 794909
284457 974398
507287 698310
355929 99332
379119 952299
692604 629781
402356 320656
485596 755607
801273 397214
664313 965484
973003 473826
141585 562313
290478 377810
546899 913390
412854 187528
85822 282771
937819 388671
834979 986399
177168 628262
545333 492944
941366 809612
822528 387463
203051 894614
651455 325612
796255 121237
774757 888976
418769 173454
691247 24052
27822 852618
94502 300689
933395 522589
810165 832257
396499 818574
991665 863731
892315 321109
746758 374324
570048 322206
186312 43411
108159 525529
387671 353060
78108 741213
635971 504692
480391 571642
68775 732492
639146 339073
180049 827693
483822 746279
267807 855782
526302 301605
430634 232978
188722 802404
750876 670946
552738 561221
603933 762560
225512 409027
740887 123237
183914 586196
918671 445085
783415 110848
703235 926071
29855 592899
603895 982418
430353 473096
643312 126417
7478 839456
647667 816352
147347 571446
10291 506349
57876 562943
241444 648054
998357 122711
643001 336438
596945 738838
53649 61647
316026 794854
527509 491017
238424 996557
361942 816768
432664 477234
566415 204052
993229 712991
757406 445939
492883 358961
474832 915089
163436 533740
288128 736340
106169 879560
977967 66507
81301 3109
823389 962537
534063 65674
431866 712693
603694 35875
574457 467446
179366 454430
857052 716425
113683 559920
80759 316230
243634 34075
517908 288002
723395 287265
353003 269107
646908 96954
837183 492032
738978 946750
597419 202000
798830 143977
598812 159371
81968 144258
731216 592723
236757 569416
239198 592559
580495 159452
361067 736547
591858 854586
44601 698216
239108 750342
651884 750966
576797 555890
341676 381091
257792 659435
270546 505093
421444 404208
156809 872742
977408 630490
343322 707040
186311 671513
521400 916563
837661 828329
885358 862053
320332 660239
976822 918773
69197 174803
159541 242040
57995 719857
605316 277619
65586 133848
333617 239361
281813 663178
694430 789147
552245 423128
167653 816255
771245 57520
960020 22458
37526 399994
697165 932868
913888 782124
196854 733499
851421 576736
489920 807347
875203 101820
848513 438190
539968 488181
841035 68607
382814 832973
924634 271571
743040 470935
632147 807961
598078 168052
846065 174127
255591 217265
339742 225874
964575 698623
24686 33494
899679 612949
279168 463648
539272 354002
743274 476826
419279 451508
170446 639037
710365 5256
563493 809721
516845 664549
964319 491515
758679 785600
853959 273010
934443 610809
812305 128671
945307 330226
407021 838473
988828 191072
482118 503135
602540 413111
164898 806134
914776 838174
996998 157681
735196 153575
519403 106212
282411 863503
860608 128472
975786 622863
306307 871532
230376 998795
540241 669652
882066 83985
669728 263805
322452 612738
338742 173717
979318 928884
247416 330910
120627 383898
560183 537560
838845 51842
891384 579902
52 593342
428052 663284
467974 78069
307636 242087
133207 668520
143812 458474
587909 236828
624039 275550
181041 530876
440554 116146
335740 8058
870985 225293
483471 409717
240929 796819
845884 909355
191957 843249
166380 769991
945838 157664
18712 956652
792756 308522
72724 800115
745720 657238
145808 720546
480098 413082
758062 384326
341107 43747
539231 835623
30609 87643
831978 37301
594507 245352
901572 573949
951432 791886
485476 751865
293499 970627
198984 911928
414862 58601
726492 546895
741741 759573
212290 383103
192260 312806
902900 182455
91929 178309
794198 671205
952249 738577
130870 925042
444727 195746
861587 294360
887189 510476
964761 373240
786535 731163
842775 302328
68630 933396
892729 109146
377272 743962
214735 892499
114237 977824
756189 797998
389383 560844
228073 18328
16629 682379
711664 713497
469807 866053
292688 323259
916545 496272
439796 776805
720400 558805
74785 963385
948569 892619
541121 181418
124109 271693
366868 159557
405196 850999
81768 931003
841069 693589
328787 774318
451929 812223
288167 599959
767621 442220
794480 361176
467681 519103
633319 648241
195409 984572
416229 714519
587341 400107
669979 561104
330557 865866
49822 302382
536765 91543
834637 762292
689000 186908
597115 606788
307596 800497
974829 132199
135610 111556
387194 508853
307276 363435
712135 445043
733795 1225
159807 351060
900657 867784
520366 673306
986243 751815
280094 368046
159419 441616
450873 888217
130253 866495
585470 176287
929372 572290
481508 947345
719713 761222
252308 268820
873385 400971
385891 613589
166387 157776
190450 552897
395424 769608
265254 674292
422953 627995
676674 780820
958482 463110
693456 183691
604571 538161
968190 174678
488617 778027
32069 399434
51613 229847
36908 423958
957027 496378
551870 215383
765244 788645
835115 183222
760294 899435
703215 508530
951066 65008
751812 345040
987317 267497
175207 855534
581577 610316
122032 328994
361161 241494
223466 519732
872932 180990
690360 198711
115814 270621
313697 211932
682020 163634
630225 894250
198859 201484
284745 561568
815767 414187
803880 565777
609320 625228
183793 912581
468791 778241
346204 61860
994852 598117
708649 572710
273909 64250
270419 541098
642693 239221
270748 977589
456690 52185
877569 451515
736347 522333
571161 915336
736847 896531
594576 201708
770333 744748
354716 144669
279167 513311
609674 882281
326503 2297
411756 255633
465492 952900
754426 760214
655433 501897
988672 750724
62006 992050
772286 787934
265947 65481
135550 915569
53629 464815
131373 65403
294136 377073
260165 19306
801543 648300
656472 150160
769850 265503
90965 329838
118560 224087
81139 894816
99957 898958
826280 651180
177402 337943
804120 683288
701440 517033
844589 262642
808775 95391
354226 260845
659037 870244
575147 795602
380771 83333
404683 753512
325483 756390
470095 65674
850135 181491
881775 121806
186156 848435
392145 511629
733558 607927
190075 409065
374839 783989
200994 352178
537596 556296
849653 921201
50651 233937
299008 883352
320527 621243
896049 409095
115684 430538
802040 129304
308284 431394
570830 245928
950328 145575
90695 464142
941627 189147
60531 52588
239091 296291
805546 116703
394678 755205
222303 592439
253483 871599
560618 537813
250417 780683
513213 371228
566029 272397
355749 442293
823805 46661
662311 22312
196232 660969
852851 838051
156127 750849
52753 626124
738390 220525
143769 834118
36194 214388
453533 226859
630388 801912
270806 469676
16113 636798
868174 179423
524514 776101
316949 41212
292058 127303
612761 578114
808320 338341
577552 510255
76369 515514
40335 633831
716946 668127
46939 563093
325141 603979
547555 877470
341188 275941
745000 821540
176190 238437
387559 178418
527075 633147
30238 172082
359081 64307
987776 779559
565717 131069
582477 54448
264050 121496
146947 568647
34316 886532
320884 633328
321923 727973
563210 930817
495930 861730
823529 363064
537455 960277
302593 469275
242433 896883
68734 113830
481910 369445
220726 775658
215774 237955
693924 267980
555299 531725
679909 138519
688028 615649
529482 549727
853637 989159
880530 876107
216629 4613
653120 567157
32371 119988
794547 340055
443173 45294
505584 328602
884012 363907
383783 568775
47269 261333
957835 423671
897831 446247
210550 382471
882868 589891
739164 248717
168482 215438
210695 131886
992789 262991
606893 809601
642609 324927
845875 961209
757457 928177
121174 438506
451634 347992
185732 395296
178516 505897
502239 410496
790385 372316
501863 272357
68386 924402
947222 564406
67958 813317
707096 378366
656240 343318
121922 964260
229773 137162
218885 627547
470801 231230
18692 63768
240398 174352
341530 853865
599602 933028
385726 160491
311505 360024
126296 266689
903326 663027
405807 533605
762124 741307
922543 234491
864966 178614
872532 562713
231238 563211
176725 822947
44067 812945
244295 828608
295499 948980
538911 222308
299135 242940
678117 515081
265417 377993
646443 235232
2474 855867
486845 520098
515494 686482
355308 575884
174211 691439
