4 7
9 16
169 336
30247 60493
32 63
60 91
6964 13927
369 737
47685 95369
32892 65783
32563 65124
6 10
30 59
85 168
9229 18457
38 74
461 920
49270 98538
316 371
1764 3527
41874 59957
49586 99171
6 6
15 28
254 506
10866 21730
49 96
274 546
16685 33368
376 751
13405 26809
93585 95789
2703 5404
2 3
35 69
10 13
49294 98587
71 96
190 379
33302 66602
318 493
30379 60757
12144 24287
29690 53866
6 10
10 18
387 772
45339 90676
57 68
178 354
38484 76966
313 625
16437 32872
24416 48830
15011 30020
58271 63369
6 10
13 24
124 246
46727 93452
80 89
115 229
46176 92351
383 765
12458 24915
46492 73744
24184 48366
2 3
15 29
205 408
38062 76122
30 38
398 794
47215 94429
530 929
11203 22405
27270 54539
18607 36841
9 9
10 18
499 997
43873 87744
91 100
364 726
27796 55591
787 955
19042 38083
19755 39508
29679 59356
5 9
23 44
285 569
27712 55423
4 6
366 731
5654 11306
445 627
1734 3466
8283 13259
33820 67638
4 7
51 100
276 551
45037 90072
42 82
448 895
35083 70164
900 997
6888 13774
81096 87191
26464 52927
3 5
22 43
55 108
9879 19757
45 88
87 173
31006 62010
343 588
9652 19302
37662 75322
44600 64820
6 10
35 68
115 229
14576 29151
21 25
136 270
27042 54082
487 973
36926 73851
39300 41223
6043 6641
5 9
46 91
292 582
49669 99337
48 95
386 770
40889 81777
431 861
22943 45885
67622 79568
62505 90614
7 10
3 5
254 507
1012 2022
46 90
455 909
5250 10499
378 754
16668 33334
72891 99755
25874 51747
4 7
50 98
496 991
1518 3034
6250 12498
54 93
87 126
6999 13997
366 730
16231 32461
35231 70461
60029 88028
4 7
50 98
23 44
16002 32003
42 82
270 539
47577 95152
347 693
8065 16128
60050 90965
49144 98286
5 8
37 72
146 290
8995 17989
44 45
196 391
27671 55341
286 570
414 827
28022 56043
33382 66762
13156 26310
7 8
18 35
314 627
13030 26058
30 59
194 387
2174 4347
553 917
46766 93530
28486 56971
49527 99052
8 8
44 87
179 356
10046 20091
29741 59480
36 70
138 275
23822 47642
889 988
12284 24567
13643 27285
56857 90418
36131 72261
6 10
10 19
393 784
14230 28459
84 90
240 479
24658 49315
231 460
44720 89439
31234 33075
18158 33682
6 10
21 40
183 364
14398 28795
32 63
196 391
22897 45792
262 522
15747 31492
35022 59232
46871 93741
6 9
9 17
4 7
23071 46140
41 81
19 22
19932 39863
686 978
49953 99905
79208 99760
84858 89745
5 8
31 61
54 106
20026 40050
18 35
189 376
46808 93615
919 994
38442 76883
24031 26718
46548 93094
4 7
38 75
358 714
19190 38378
45 89
367 733
5510 11018
347 692
11973 23944
24647 49292
47010 94019
4 6
30 59
453 905
36332 72662
74 90
427 852
24626 49251
244 486
7321 14640
80227 80968
86764 87678
4 6
29 56
260 519
33172 66343
41 80
493 985
47215 94428
143 284
22916 45831
66951 82031
50574 53715
5 8
19 36
103 205
15223 30444
41 79
132 263
44843 89684
363 724
24562 49123
35822 37458
4684 9366
9 10
3 4
468 934
26981 53960
50 98
155 309
21350 42699
38189 76377
716 899
12587 25172
52507 54011
39113 78225
5 9
28 54
58 115
2996 5990
14035 28068
25 48
117 232
46062 92123
426 851
1128 2255
67858 73814
81495 99182
3 4
42 82
209 416
34414 68826
52 93
50 98
21592 43182
355 709
30001 60000
56150 112298
75777 87484
68978 80155
3 3
34 67
431 861
4607 9212
44 86
293 584
25739 51477
47911 95821
526 893
19421 38840
25569 51137
47644 89619
2 3
29 56
114 226
37286 74571
12 23
176 351
4550 9098
136 270
16576 33150
28399 30640
36611 41889
4 7
27 53
45 88
30051 60100
27 53
369 736
45650 91299
777 806
11715 23429
40155 80309
48640 97279
5 6
14 26
143 284
33065 66128
48 94
168 335
24081 48160
382 762
46487 92973
30927 61853
37742 75483
4 5
6 7
183 365
44133 88264
38 38
415 829
3641 7281
342 591
12677 25353
49518 93070
7362 13084
4 7
35 68
246 490
17078 34155
19939 39876
42 80
270 539
45319 90637
761 845
13408 26815
13887 22327
46040 60184
2 3
46 91
56 110
17338 34674
49 96
158 314
26600 53199
49679 99356
398 794
44079 88157
49413 98824
37680 75359
4 6
46 91
26 51
4978 9955
25 43
461 920
12923 25845
552 977
10011 20020
30979 61957
32992 65982
5 8
16 30
435 869
32502 65003
17 19
190 378
28737 57473
64 126
33400 66798
48154 93142
71727 75475
6 9
16 31
281 560
26081 52161
41 81
452 903
36741 73481
13793 27584
396 790
21363 42724
26248 52494
40356 80711
3 4
36 71
335 668
1337 2672
96 100
45 89
26194 52387
711 970
188 374
33641 67280
20095 29650
6 10
16 31
259 516
9959 19916
18 35
195 388
11645 23288
520 743
45123 90245
26033 52064
38710 77419
5 6
51 100
411 820
20219 40436
51 70
402 803
22782 45563
481 961
48457 96912
18817 23404
10947 21893
6 10
15 29
225 448
32024 64046
11895 23788
52 100
194 387
49714 99427
254 507
23047 46093
44411 88821
54167 98481
5 8
43 85
157 313
9510 19018
12584 25166
29 57
374 746
33712 67423
560 570
12839 25677
29464 58926
25873 51744
7 8
9 13
99 197
26668 53334
32594 65187
71 100
285 569
43072 86142
264 438
31796 63591
45817 91632
65129 78258
4 7
14 26
271 541
34487 68973
30 59
477 953
42737 85473
443 884
23832 47662
70217 82340
39588 79175
5 8
30 58
431 861
16647 33293
80 91
319 636
20800 41599
571 938
16271 32541
14801 20084
49747 99493
6 10
5 6
304 607
42263 84524
31 52
353 705
45994 91987
297 592
11205 22408
19782 39562
21932 39054
6 10
42 82
385 769
43821 87640
89 95
341 681
2244 4487
29377 58753
233 464
24506 49011
31591 63180
28072 56143
68099 94426
4 7
25 49
137 273
40544 81087
40 78
100 198
21503 43004
250 499
14578 29155
70004 92335
38393 76785
4 4
31 61
8 15
10450 20898
16 30
158 314
26318 52635
586 776
17494 34987
18947 37893
44786 89570
6 7
18 34
389 777
14808 29614
11151 22301
63 87
383 764
28255 56509
776 983
26771 53541
48784 97566
29500 51795
5 9
3 4
422 843
48268 96535
36 70
409 816
24349 48697
452 466
12682 25362
54188 75862
30302 60603
6 10
48 94
315 629
43855 87709
71 97
234 467
49251 98501
33245 66488
235 333
22976 45951
31441 62881
13748 27495
3 5
13 24
377 752
7938 15874
69 82
343 684
24490 48978
465 770
7055 14108
65741 88412
26313 52624
6 10
11 21
187 372
26710 53419
65 84
350 698
33035 66068
434 491
6067 12133
81691 85524
42647 85293
4 6
35 69
129 256
43384 86767
54 61
111 221
9603 19205
541 722
18500 36998
46365 92729
32586 65170
3 4
31 61
309 617
14113 28224
42147 84293
19 36
283 564
10932 21863
29949 59896
331 661
11189 22377
74888 89504
54674 71255
6 10
23 45
141 281
22106 44210
55 67
381 760
15872 31743
320 639
31480 62959
41485 57756
14546 29091
4 4
11 21
472 943
20007 40013
51905 103808
59 60
448 895
45080 90159
561 627
16488 32974
43422 63749
69410 76621
4 7
18 34
179 357
7206 14411
36 70
224 447
13730 27459
452 902
15935 31868
20464 40927
50733 86239
21854 43706
5 8
32 62
405 808
36250 72498
16270 32539
29 40
236 471
10197 20393
534 755
37873 75744
16512 33022
33721 66789
5 8
43 84
348 695
48316 96631
22533 45064
21 21
270 539
15747 31493
344 686
29048 58095
38645 62803
39774 79546
6 8
4 6
275 549
49494 98987
50 52
479 957
3828 7655
429 483
38045 76089
37798 65221
25140 33695
3 3
36 70
9 16
40943 81885
28 55
119 237
20147 40293
83 165
33862 67722
23206 46411
82791 87903
7 10
21 40
10 18
32689 65376
75 79
190 378
26489 52977
418 834
25065 50128
36501 73000
67698 83317
66840 89261
46176 92351
383 765
12458 24915
46492 73744
24184 48366
2 3
15 29
205 408
38062 76122
30 38
398 794
47215 94429
530 929
11203 22405
27270 54539
18607 36841
9 9
10 18
499 997
43873 87744
91 100
364 726
27796 55591
787 955
19042 38083
19755 39508
29679 59356
5 9
23 44
2996 5990
14035 28068
25 48
117 232
46062 92123
426 851
1128 2255
67858 73814
81495 99182
3 4
42 82
209 416
34414 68826
52 93
50 98
21592 43182
355 709
30001 60000
56150 112298
75777 87484
68978 80155
3 3
34 67
431 861
4607 9212
44 86
293 584
25739 51477
47911 95821
526 893
19421 38840
25569 51137
47644 89619
194 387
2174 4347
553 917
46766 93530
28486 56971
49527 99052
8 8
44 87
179 356
10046 20091
29741 59480
36 70
138 275
23822 47642
889 988
12284 24567
13643 27285
56857 90418
36131 72261
6 10
10 19
393 784
14230 28459
84 90
240 479
24658 49315
231 460
44720 89439
31234 33075
18158 33682
19 36
283 564
10932 21863
29949 59896
331 661
11189 22377
74888 89504
54674 71255
6 10
23 45
141 281
22106 44210
55 67
381 760
15872 31743
320 639
31480 62959
41485 57756
14546 29091
4 4
11 21
472 943
20007 40013
51905 103808
18 35
314 627
13030 26058
30 59
194 387
2174 4347
553 917
46766 93530
28486 56971
49527 99052
8 8
44 87
179 356
10046 20091
29741 59480
36 70
138 275
23822 47642
889 988
12284 24567
13643 27285
56857 90418
3 3
34 67
431 861
4607 9212
44 86
293 584
25739 51477
47911 95821
526 893
19421 38840
25569 51137
47644 89619
2 3
29 56
114 226
37286 74571
12 23
176 351
4550 9098
136 270
16576 33150
28399 30640
36611 41889
4 7
27 53
45 88
30051 60100
27 53
369 736
45650 91299
777 806
11715 23429
40155 80309
48640 97279
5 6
14 26
143 284
33065 66128
48 94
168 335
24081 48160
382 762
46487 92973
30927 61853
37742 75483
64 126
33400 66798
48154 93142
71727 75475
6 9
16 31
281 560
26081 52161
41 81
452 903
36741 73481
13793 27584
396 790
21363 42724
26248 52494
40356 80711
3 4
36 71
335 668
1337 2672
96 100
45 89
26194 52387
711 970
188 374
33641 67280
20095 29650
6 10
16 31
259 516
9959 19916
18 35
195 388
11645 23288
520 743
5 9
3 4
422 843
48268 96535
36 70
409 816
24349 48697
452 466
12682 25362
54188 75862
30302 60603
6 10
48 94
315 629
43855 87709
71 97
234 467
49251 98501
33245 66488
235 333
22976 45951
31441 62881
13748 27495
3 5
13 24
377 752
43999 43999
56001 56001
75469 75469
112297 112297