1 1
2 2
3 3
999999 999999
1000 2000
2000 1000
1 100000
100000 1
1 2
2 1
2 4
4 2
4 7
7 4
7 11
11 7
11 16
16 11
16 22
22 16
22 29
29 22
29 37
37 29
37 46
46 37
46 56
56 46
56 67
67 56
67 79
79 67
79 92
92 79
92 106
106 92
106 121
121 106
121 137
137 121
137 154
154 137
154 172
172 154
172 191
191 172
191 211
211 191
211 232
232 211
232 254
254 232
254 277
277 254
277 301
301 277
301 326
326 301
326 352
352 326
352 379
379 352
379 407
407 379
407 436
436 407
436 466
466 436
466 497
497 466
497 529
529 497
529 562
562 529
562 596
596 562
596 631
631 596
631 667
667 631
667 704
704 667
704 742
742 704
742 781
781 742
781 821
821 781
821 862
862 821
862 904
904 862
904 947
947 904
947 991
991 947
991 1036
1036 991
1036 1082
1082 1036
1082 1129
1129 1082
1129 1177
1177 1129
1177 1226
1226 1177
1226 1276
1276 1226
1276 1327
1327 1276
1327 1379
1379 1327
1379 1432
1432 1379
1432 1486
1486 1432
1486 1541
1541 1486
1541 1597
1597 1541
1597 1654
1654 1597
1654 1712
1712 1654
1712 1771
1771 1712
1771 1831
1831 1771
1831 1892
1892 1831
1892 1954
1954 1892
1954 2017
2017 1954
2017 2081
2081 2017
2081 2146
2146 2081
2146 2212
2212 2146
2212 2279
2279 2212
2279 2347
2347 2279
2347 2416
2416 2347
2416 2486
2486 2416
2486 2557
2557 2486
2557 2629
2629 2557
2629 2702
2702 2629
2702 2776
2776 2702
2776 2851
2851 2776
2851 2927
2927 2851
2927 3004
3004 2927
3004 3082
3082 3004
3082 3161
3161 3082
3161 3241
3241 3161
3241 3322
3322 3241
3322 3404
3404 3322
3404 3487
3487 3404
3487 3571
3571 3487
3571 3656
3656 3571
3656 3742
3742 3656
3742 3829
3829 3742
3829 3917
3917 3829
3917 4006
4006 3917
4006 4096
4096 4006
4096 4187
4187 4096
4187 4279
4279 4187
4279 4372
4372 4279
4372 4466
4466 4372
4466 4561
4561 4466
4561 4657
4657 4561
4657 4754
4754 4657
4754 4852
4852 4754
4852 4951
4951 4852
4951 5051
5051 4951
5051 5152
5152 5051
5152 5254
5254 5152
5254 5357
5357 5254
5357 5461
5461 5357
5461 5566
5566 5461
5566 5672
5672 5566
5672 5779
5779 5672
5779 5887
5887 5779
5887 5996
5996 5887
5996 6106
6106 5996
6106 6217
6217 6106
6217 6329
6329 6217
6329 6442
6442 6329
6442 6556
6556 6442
6556 6671
6671 6556
6671 6787
6787 6671
6787 6904
6904 6787
6904 7022
7022 6904
7022 7141
7141 7022
7141 7261
7261 7141
7261 7382
7382 7261
7382 7504
7504 7382
7504 7627
7627 7504
7627 7751
7751 7627
7751 7876
7876 7751
7876 8002
8002 7876
8002 8129
8129 8002
8129 8257
8257 8129
8257 8386
8386 8257
8386 8516
8516 8386
8516 8647
8647 8516
8647 8779
8779 8647
8779 8912
8912 8779
8912 9046
9046 8912
9046 9181
9181 9046
9181 9317
9317 9181
9317 9454
9454 9317
9454 9592
9592 9454
9592 9731
9731 9592
9731 9871
9871 9731
9871 10012
10012 9871
10012 10154
10154 10012
10154 10297
10297 10154
10297 10441
10441 10297
10441 10586
10586 10441
10586 10732
10732 10586
10732 10879
10879 10732
10879 11027
11027 10879
11027 11176
11176 11027
11176 11326
11326 11176
11326 11477
11477 11326
11477 11629
11629 11477
11629 11782
11782 11629
11782 11936
11936 11782
11936 12091
12091 11936
12091 12247
12247 12091
12247 12404
12404 12247
12404 12562
12562 12404
12562 12721
12721 12562
12721 12881
12881 12721
12881 13042
13042 12881
13042 13204
13204 13042
13204 13367
13367 13204
13367 13531
13531 13367
13531 13696
13696 13531
13696 13862
13862 13696
13862 14029
14029 13862
14029 14197
14197 14029
14197 14366
14366 14197
14366 14536
14536 14366
14536 14707
14707 14536
14707 14879
14879 14707
14879 15052
15052 14879
15052 15226
15226 15052
15226 15401
15401 15226
15401 15577
15577 15401
15577 15754
15754 15577
15754 15932
15932 15754
15932 16111
16111 15932
16111 16291
16291 16111
16291 16472
16472 16291
16472 16654
16654 16472
16654 16837
16837 16654
16837 17021
17021 16837
17021 17206
17206 17021
17206 17392
17392 17206
17392 17579
17579 17392
17579 17767
17767 17579
17767 17956
17956 17767
17956 18146
18146 17956
18146 18337
18337 18146
18337 18529
18529 18337
18529 18722
18722 18529
18722 18916
18916 18722
18916 19111
19111 18916
19111 19307
19307 19111
19307 19504
19504 19307
19504 19702
19702 19504
19702 19901
19901 19702
19901 20101
20101 19901
20101 20302
20302 20101
20302 20504
20504 20302
20504 20707
20707 20504
20707 20911
20911 20707
20911 21116
21116 20911
21116 21322
21322 21116
21322 21529
21529 21322
21529 21737
21737 21529
21737 21946
21946 21737
21946 22156
22156 21946
22156 22367
22367 22156
22367 22579
22579 22367
22579 22792
22792 22579
22792 23006
23006 22792
23006 23221
23221 23006
23221 23437
23437 23221
23437 23654
23654 23437
23654 23872
23872 23654
23872 24091
24091 23872
24091 24311
24311 24091
24311 24532
24532 24311
24532 24754
24754 24532
24754 24977
24977 24754
24977 25201
25201 24977
25201 25426
25426 25201
25426 25652
25652 25426
25652 25879
25879 25652
25879 26107
26107 25879
26107 26336
26336 26107
26336 26566
26566 26336
26566 26797
26797 26566
26797 27029
27029 26797
27029 27262
27262 27029
27262 27496
27496 27262
27496 27731
27731 27496
27731 27967
27967 27731
27967 28204
28204 27967
28204 28442
28442 28204
28442 28681
28681 28442
28681 28921
28921 28681
28921 29162
29162 28921
29162 29404
29404 29162
29404 29647
29647 29404
29647 29891
29891 29647
29891 30136
30136 29891
30136 30382
30382 30136
30382 30629
30629 30382
30629 30877
30877 30629
30877 31126
31126 30877
31126 31376
31376 31126
31376 31627
31627 31376
31627 31879
31879 31627
31879 32132
32132 31879
32132 32386
32386 32132
32386 32641
32641 32386
32641 32897
32897 32641
32897 33154
33154 32897
33154 33412
33412 33154
33412 33671
33671 33412
33671 33931
33931 33671
33931 34192
34192 33931
34192 34454
34454 34192
34454 34717
34717 34454
34717 34981
34981 34717
34981 35246
35246 34981
35246 35512
35512 35246
35512 35779
35779 35512
35779 36047
36047 35779
36047 36316
36316 36047
36316 36586
36586 36316
36586 36857
36857 36586
36857 37129
37129 36857
37129 37402
37402 37129
37402 37676
37676 37402
37676 37951
37951 37676
37951 38227
38227 37951
38227 38504
38504 38227
38504 38782
38782 38504
38782 39061
39061 38782
39061 39341
39341 39061
39341 39622
39622 39341
39622 39904
39904 39622
39904 40187
40187 39904
40187 40471
40471 40187
40471 40756
40756 40471
40756 41042
41042 40756
41042 41329
41329 41042
41329 41617
41617 41329
41617 41906
41906 41617
41906 42196
42196 41906
42196 42487
42487 42196
42487 42779
42779 42487
42779 43072
43072 42779
43072 43366
43366 43072
43366 43661
43661 43366
43661 43957
43957 43661
43957 44254
44254 43957
44254 44552
44552 44254
44552 44851
44851 44552
44851 45151
45151 44851
45151 45452
45452 45151
45452 45754
45754 45452
45754 46057
46057 45754
46057 46361
46361 46057
46361 46666
46666 46361
46666 46972
46972 46666
46972 47279
47279 46972
47279 47587
47587 47279
47587 47896
47896 47587
47896 48206
48206 47896
48206 48517
48517 48206
48517 48829
48829 48517
48829 49142
49142 48829
49142 49456
49456 49142
49456 49771
49771 49456
49771 50087
50087 49771
50087 50404
50404 50087
50404 50722
50722 50404
50722 51041
51041 50722
51041 51361
51361 51041
51361 51682
51682 51361
51682 52004
52004 51682
52004 52327
52327 52004
52327 52651
52651 52327
52651 52976
52976 52651
52976 53302
53302 52976
53302 53629
53629 53302
53629 53957
53957 53629
53957 54286
54286 53957
54286 54616
54616 54286
54616 54947
54947 54616
54947 55279
55279 54947
55279 55612
55612 55279
55612 55946
55946 55612
55946 56281
56281 55946
56281 56617
56617 56281
56617 56954
56954 56617
56954 57292
57292 56954
57292 57631
57631 57292
57631 57971
57971 57631
57971 58312
58312 57971
58312 58654
58654 58312
58654 58997
58997 58654
58997 59341
59341 58997
59341 59686
59686 59341
59686 60032
60032 59686
60032 60379
60379 60032
60379 60727
60727 60379
60727 61076
61076 60727
61076 61426
61426 61076
61426 61777
61777 61426
61777 62129
62129 61777
62129 62482
62482 62129
62482 62836
62836 62482
62836 63191
63191 62836
63191 63547
63547 63191
63547 63904
63904 63547
63904 64262
64262 63904
64262 64621
64621 64262
64621 64981
64981 64621
64981 65342
65342 64981
65342 65704
65704 65342
65704 66067
66067 65704
66067 66431
66431 66067
66431 66796
66796 66431
66796 67162
67162 66796
67162 67529
67529 67162
67529 67897
67897 67529
67897 68266
68266 67897
68266 68636
68636 68266
68636 69007
69007 68636
69007 69379
69379 69007
69379 69752
69752 69379
69752 70126
70126 69752
70126 70501
70501 70126
70501 70877
70877 70501
70877 71254
71254 70877
71254 71632
71632 71254
71632 72011
72011 71632
72011 72391
72391 72011
72391 72772
72772 72391
72772 73154
73154 72772
73154 73537
73537 73154
73537 73921
73921 73537
73921 74306
74306 73921
74306 74692
74692 74306
74692 75079
75079 74692
75079 75467
75467 75079
75467 75856
75856 75467
75856 76246
76246 75856
76246 76637
76637 76246
76637 77029
77029 76637
77029 77422
77422 77029
77422 77816
77816 77422
77816 78211
78211 77816
78211 78607
78607 78211
78607 79004
79004 78607
79004 79402
79402 79004
79402 79801
79801 79402
79801 80201
80201 79801
80201 80602
80602 80201
80602 81004
81004 80602
81004 81407
81407 81004
81407 81811
81811 81407
81811 82216
82216 81811
82216 82622
82622 82216
82622 83029
83029 82622
83029 83437
83437 83029
83437 83846
83846 83437
83846 84256
84256 83846
84256 84667
84667 84256
84667 85079
85079 84667
85079 85492
85492 85079
85492 85906
85906 85492
85906 86321
86321 85906
86321 86737
86737 86321
86737 87154
87154 86737
87154 87572
87572 87154
87572 87991
87991 87572
87991 88411
88411 87991
88411 88832
88832 88411
88832 89254
89254 88832
89254 89677
89677 89254
89677 90101
90101 89677
90101 90526
90526 90101
90526 90952
90952 90526
90952 91379
91379 90952
91379 91807
91807 91379
91807 92236
92236 91807
92236 92666
92666 92236
92666 93097
93097 92666
93097 93529
93529 93097
93529 93962
93962 93529
93962 94396
94396 93962
94396 94831
94831 94396
94831 95267
95267 94831
95267 95704
95704 95267
95704 96142
96142 95704
96142 96581
96581 96142
96581 97021
97021 96581
97021 97462
97462 97021
97462 97904
97904 97462
97904 98347
98347 97904
98347 98791
98791 98347
98791 99236
99236 98791
99236 99682
99682 99236
99682 100129
100129 99682
100129 100577
100577 100129
100577 101026
101026 100577
101026 101476
101476 101026
101476 101927
101927 101476
101927 102379
102379 101927
102379 102832
102832 102379
102832 103286
103286 102832
103286 103741
103741 103286
103741 104197
104197 103741
104197 104654
104654 104197
104654 105112
105112 104654
105112 105571
105571 105112
105571 106031
106031 105571
106031 106492
106492 106031
106492 106954
106954 106492
106954 107417
107417 106954
107417 107881
107881 107417
107881 108346
108346 107881
108346 108812
108812 108346
108812 109279
109279 108812
109279 109747
109747 109279
109747 110216
110216 109747
110216 110686
110686 110216
110686 111157
111157 110686
111157 111629
111629 111157
111629 112102
112102 111629
112102 112576
112576 112102
112576 113051
113051 112576
113527 114004
114004 113527
114004 114482
114482 114004
114482 114961
114961 114482
114961 115441
115441 114961
115441 115922
115922 115441
115922 116404
116404 115922
116404 116887
116887 116404
116887 117371
117371 116887
117371 117856
117856 117371
117856 118342
118342 117856
118342 118829
118829 118342
118829 119317
119317 118829
119317 119806
119806 119317
119806 120296
120296 119806
120296 120787
120787 120296
120787 121279
121279 120787
121279 121772
121772 121279
121772 122266
122266 121772
122266 122761
122761 122266
122761 123257
123257 122761
123257 123754
123754 123257
