959519 419204
419550 873512
182123 840328
912511 955570
169657 904297
771807 592545
503295 918522
922133 49951
147461 191909
268168 133903
824192 565303
918944 516793
563365 796482
472631 572367
235433 457997
318785 966129
571331 585095
122205 381508
21034 874493
172583 766223
984449 607823
981990 486870
986475 444225
297482 60407
753726 224631
608372 554806
467557 91929
16326 143817
592087 32563
715288 309156
740028 772226
263150 608734
742468 232176
88130 954502
433897 43824
479618 232947
182613 711270
157365 953356
324856 794728
739042 638852
48870 415660
367983 466045
393592 959714
527859 41735
369767 452678
447755 289481
777857 514751
779642 978350
885223 498067
8445 519184
516310 470893
723172 553715
243054 44296
11588 781161
535221 219009
561387 771750
303611 471755
256671 65087
692011 343337
202704 125773
702899 744233
316630 716405
287906 804677
206835 60858
518848 85323
356069 104509
437934 792712
413383 607052
33342 75726
394053 27906
86784 925710
370983 27137
532271 576251
383752 49096
488835 93255
743521 305830
843503 475667
490996 203348
556991 859181
1887 210600
987357 80418
359353 358590
816354 685741
72041 167252
946807 295258
401548 997057
727307 202435
389007 547844
676302 537942
182331 395053
212467 817850
756298 385879
404188 208492
132939 983003
5046 859948
254040 817415
203449 288103
783137 457213
834225 347610
89515 934572
259217 67494
936999 878301
512321 790715
335699 554614
873134 762440
236646 669547
592182 906473
352894 177129
228197 320619
427694 916939
312844 885842
818972 202707
804598 699160
886520 263554
951001 278255
640259 908074
916067 542245
275386 33947
639753 404210
635043 316006
562896 957653
701135 25949
362094 680443
665241 266382
770695 41430
623841 333343
372997 22548
393263 202784
591342 795593
314710 495904
71280 610966
30928 313128
256140 707951
731707 84706
333534 932161
295944 493455
558295 333
183571 307772
978463 704940
142458 744168
123497 239015
947347 713795
463547 694472
899151 518324
82722 895335
93676 465165
899434 160972
294768 342369
121474 103635
929633 895459
469710 828742
349274 98088
28238 657349
394960 538058
22226 737942
521931 61469
264101 857946
881905 361063
349803 347654
699453 267703
550771 767034
32688 833458
771774 285954
569372 715897
866826 743735
248028 781228
686224 174160
112873 638677
774259 205456
47952 442978
951882 183979
492737 935467
368657 556610
776423 525857
657729 912219
939585 908549
911599 217627
531881 318837
713495 482715
178039 307270
313382 376086
825754 822933
304274 887157
531719 109669
641848 397867
160064 325356
190532 400408
349262 255226
532262 314405
864375 238043
989054 713241
208649 376936
468313 691804
741042 305159
838695 711025
123378 134565
804185 351050
355036 788277
784594 860002
488725 576834
758713 428604
184073 452446
153034 971676
886573 403369
432449 552924
623412 121109
300069 627545
839088 680151
927508 254903
183863 26214
988288 140587
983282 793758
528921 372847
871761 805459
785820 24257
214486 498573
390035 960205
308720 412690
353568 495917
773956 236353
552188 537589
411390 746309
141343 167011
326524 381909
67606 767166
478992 619200
291120 288422
310818 871546
680587 129029
430909 694077
72319 843256
215492 555180
510843 989173
439004 971655
570823 306202
194111 232246
537559 421239
811133 180100
146411 950011
893232 918146
159796 329065
607476 731986
336060 788888
295699 135890
438832 456109
779811 936803
106352 64996
345204 702893
476630 27409
283405 455089
745232 94480
261879 462276
95379 501835
270828 905797
781675 500749
304197 84454
914728 455304
296478 273591
582490 618840
387243 868632
990892 316900
835905 265325
743279 956311
375530 307260
103910 522740
602892 2153
913713 152615
14885 678216
437400 421242
153644 326508
138654 865381
832540 999979
303320 850282
119038 621611
117490 182471
519847 929471
456682 630173
498720 227339
785375 261445
937669 72531
660575 912960
372485 573771
594669 867280
976976 793210
253897 335083
285215 354942
825489 7257
817497 814018
161281 85167
223503 44712
228501 686880
919521 176143
135517 288937
953057 802356
492375 649431
875072 405924
960717 742956
106120 548400
515889 398104
901654 928059
514225 23207
381594 40346
13923 680259
629425 995810
797551 257692
925711 368764
54629 222029
888810 922793
682928 553066
692530 893513
237490 822740
910543 270964
932043 656892
567484 441964
702254 65391
210097 392845
573644 233552
58387 53956
337067 837266
546019 312849
70295 43762
498047 586177
384806 25309
166135 455009
744870 367250
541501 575662
920035 210809
387481 848277
646472 45707
590555 583911
533907 359167
215706 386895
579302 214302
535908 283267
733449 111320
436138 46338
532060 827521
353919 346290
915350 594523
355386 959845
871350 100794
652506 255148
165871 446327
236288 463751
354391 985663
779011 576130
182509 423558
832369 478584
544264 79200
373626 425768
790811 315067
493247 238897
149963 46779
479928 625075
609165 492830
330941 862726
829885 928284
650082 735592
507878 553487
485080 340320
522925 630512
361372 764056
532408 974512
386245 209649
539299 276031
442736 395450
370585 414615
876705 971618
114579 977416
756312 963969
122036 406593
487991 311907
455290 554546
836226 582007
766817 842847
923225 639004
805263 725999
200453 722809
270267 246191
78132 404659
28115 286722
570400 200205
379800 948977
525210 106940
819790 380265
319087 400922
119334 649276
281982 886330
389061 964944
26689 203776
575006 432338
68756 310961
117036 935057
330880 877496
541096 106361
183166 750951
256686 685566
329779 572392
738318 53142
404509 997991
646787 101266
415283 703252
537450 410569
492734 369167
646806 62713
45479 631214
204333 887962
573027 230893
742660 9349
728619 264933
514657 199549
98055 18051
535417 984315
862321 601434
111525 326916
699836 784324
958464 372198
204111 268814
45394 874801
323452 991820
697466 340252
693169 298271
624551 289339
336477 623224
677608 532930
814853 978581
95738 594432
662213 511604
262644 69570
381347 979285
724947 994278
73303 199806
183026 114252
278741 101133
962835 458662
761814 495920
676507 835834
31214 627226
407852 789779
208093 136069
14972 739795
587075 314293
531632 541398
124708 409345
234926 979372
832118 693047
394218 390748
685516 511532
625187 53612
496930 492872
820378 163161
92520 720695
631140 730669
579287 224736
17755 886572
693309 653344
166998 472943
552114 51825
597320 535503
316301 352797
378723 886894
72003 150638
477317 194232
398056 346142
6801 710476
198076 326300
34726 822787
725421 9914
246282 74799
185532 424556
322522 654763
956814 557026
313044 997242
895969 90733
492990 821733
637446 382242
331971 75026
59513 895657
343569 990452
144142 91313
868899 297265
171397 219832
828486 945432
661722 426753
948930 769496
576727 390611
17980 848621
823468 406898
211871 410073
666116 210522
886555 784002
714346 199170
118631 47681
425015 768550
728891 554451
784443 943931
599454 732391
657309 775557
39887 83121
746532 76971
504875 470833
547417 273175
133629 96052
551803 589078
692925 459508
872859 86532
317306 195248
20452 433617
726361 320168
254793 423092
509690 383146
373348 904589
691267 253666
602288 896023
84156 388358
546990 74162
892768 245315
772749 191357
352117 76106
852911 638505
181814 831605
522032 203934
976686 103874
733616 914803
420973 824337
828517 393132
65572 478280
510172 600004
693412 844146
850520 785838
995958 614728
885783 865224
288892 628248
250230 636999
913032 151199
670546 894858
911594 225121
463293 568404
192699 829514
617793 570412
956644 801248
21028 986036
43415 759477
677215 75686
326792 622279
331398 725989
177547 589050
31736 114338
14089 771997
493254 837110
298206 806073
400458 955131
295985 309925
98992 496673
974316 457142
366576 291069
44488 387176
845480 819287
286456 960589
731032 477141
280327 350539
312433 656309
878134 761348
666475 759776
365767 891710
666999 777252
473298 933458
986893 741802
289989 420134
541489 842619
804148 225288
847711 945490
523158 958772
159936 510256
848377 457438
493699 459683
806771 893284
783578 175173
958964 859030
258647 140801
706387 799015
491187 477812
840883 821022
799705 597801
8128 755791
559389 570319
928559 842762
813112 830031
40005 867426
772500 458437
154116 713795
213581 262857
916015 875184
879507 422338
961099 52174
711700 229014
739508 893378
775990 164042
597825 834662
122745 595056
392278 746301
793504 761319
758064 739680
543174 425666
76742 732274
270428 645316
341719 163894
21549 439733
115729 968291
388888 461505
316772 827379
656768 323808
935026 467280
270334 433750
211103 329192
206410 183715
228464 747398
405306 108249
925016 594924
966188 782148
922408 230270
806056 862024
450453 979419
286340 596937
72899 615691
208171 669767
858617 376980
154620 178020
891072 274296
52461 55128
683172 953568
571757 651142
778617 498654
631655 284533
421372 429441
945426 182000
689190 222780
860251 968275
773359 510273
166897 911306
827700 668693
164953 226980
431076 918183
631547 429132
210273 694007
346935 601241
90266 910232
577455 474539
488017 934169
616260 979566
808225 542052
452404 801402
533415 713125
66563 361879
736058 5818
808436 502961
837388 446526
760446 461299
229367 153217
579043 491460
704673 475550
264253 94421
646169 717492
807630 204912
233734 213257
859419 246181
988884 531644
934740 678434
447235 214726
638384 87187
95278 360022
587655 846111
13941 76591
382675 510762
845892 216719
394761 111655
163993 568303
742732 443723
323708 235621
894265 643492
697691 86221
295816 972570
310973 650225
598388 188811
681703 909297
106252 598395
984869 975179
129390 374264
298247 222030
378745 105663
747594 892140
950667 826475
374560 603739
782830 288015
320897 701372
33114 981769
405208 566086
60339 819258
556120 70338
797887 358450
513263 707244
987649 354000
628484 277448
19823 170106
455128 503913
655060 241540
94555 790154
152558 564994
708940 810188
915564 478098
369635 245241
919155 269567
386267 388676
478744 97543
432528 921771
760886 631991
325396 656978
680828 401322
35758 839326
463955 660458
649416 405587
799318 221695
405157 944065
440019 433230
693268 735396
240722 260775
485001 871580
982166 161295
115496 133968
957956 505048
526970 263205
692149 525101
332461 579222
415995 550793
150592 382008
202118 823751
13387 267397
806332 591855
751611 514616
298644 130228
705084 527345
102101 708496
376568 45048
852701 103910
80930 604086
472833 457593
70534 371796
198000 996316
5292 581070
396278 677466
759607 529229
941886 24194
907821 504508
78590 964454
152819 666768
851208 821731
249278 959227
573075 261783
144402 439303
535169 632074
175964 559561
948131 414776
292958 480043
632067 98095
624015 569629
585150 559731
886972 585387
465412 767659
246882 905412
719139 216093
101425 4131
724304 408732
261340 974160
637569 77122
889947 387511
323559 581595
541171 803009
809108 973064
156491 708067
461861 396571
461991 529973
639216 447699
559999 773427
56840 38286
851913 588047
869507 444067
982010 80576
402678 195771
978175 444338
570087 578305
217891 226971
72599 29658
142119 267453
811920 854233
331726 574087
990326 913679
143969 190323
860249 15001
115797 543214
968896 269571
694546 499898
563009 230568
940473 474875
403988 590738
437540 214557
891846 259932
845311 925365
740341 727535
690866 190704
805553 463161
859665 40673
746174 608353
621814 811141
993768 685176
402515 96487
842870 763537
611042 758652
670018 322323
233600 641983
791730 292981
880221 267678
381206 906204
647554 606548
795870 145067
40171 187821
792598 385288
362420 575141
147646 218182
14411 114052
392405 480811
707349 306270
825815 129135
48957 392235
207297 304860
738444 324936
12336 814525
986583 201892
266827 438818
108650 191472
267710 792356
435321 784750
959341 451007
48746 932450
815510 894102
406250 204565
281043 434392
509702 217077
749352 259601
184582 315655
953750 735940
661190 950674
547248 980509
765481 22621
384318 180517
827329 882918
774952 362237
755694 919436
453885 748483
709411 946080
838077 157672
847394 360327
977621 680778
379464 330322
535519 419065
345226 672588
931938 196939
476275 643923
572990 137504
786273 544450
234050 67127
423998 555922
408895 280716
794952 262555
562194 588455
174255 807581
831542 69364
430974 977244
925698 174479
189569 76623
735213 533438
659032 226505
863757 400884
131242 460083
713502 256958
888963 95073
285781 737107
724090 517790
43926 246260
340465 609036
529578 892663
284481 172454
611431 911492
439073 295824
263040 985617
55466 647593
781263 999479
810267 486496
739493 948047
328658 25551
893305 495333
2659 483504
386422 169904
273786 648592
327287 8641
319250 269166
186366 885145
100697 922575
108198 422869
672661 283373
217783 613824
782458 763821
962388 872828
566231 356191
7041 307917
197220 672719
491981 725351
26764 268112
570369 399547
59813 315219
68613 464229
295244 438008
255763 904555
712762 241310
540714 493344
817995 790204
191710 307407
554376 382429
502053 927279
391447 217750
968104 385008
594424 445438
411584 782103
378149 511130
826986 252995
789095 704348
121226 496452
248604 35175
67799 794005
473919 116149
443653 41342
335752 979418
235905 615713
299963 440873
654130 50041
856204 1801
167948 139305
419623 651387
216442 393664
427489 968351
570080 768586
831700 771888
979279 702248
445737 399404
877314 134173
695468 309068
802024 705848
894929 605884
851952 755695
617148 69323
542045 375031
819889 535458
623493 979014
30334 271972
886988 556843
600455 898489
633181 446295
434870 924284
319967 732735
257675 242123
373255 447409
141782 61139
517952 785005
85173 234789
113587 894571
721854 399836
829612 315310
795560 916976
872857 542453
367830 333800
879787 716837
654430 572101
503906 54224
320152 740392
520521 287296
608734 367187
935551 33934
268145 886775
990178 256614
462118 62392
437750 99050
25950 518993
280784 914193
532735 719056
291852 787070
252399 904519
39169 847446
819320 487655
572322 561772
472781 800082
682112 225349
