48573 145405
166052 65711
236217 49030
213794 219826
60705 206986
281744 23393
255941 153126
180698 169153
75908 91862
183487 108384
163488 108222
116299 86207
15002 276071
22153 85890
254871 231365
247298 196400
220775 136947
270466 227619
292130 244628
149794 274195
49080 156283
225944 265014
153414 54646
283318 189222
244113 249835
248012 298713
219352 207120
295600 93699
204689 248924
210803 265312
246271 134350
293245 185694
279604 261579
75559 84396
2161 64926
127489 158162
60073 280783
129382 198320
264783 242587
172001 49374
22204 134634
53655 26543
69941 21242
155580 288374
185913 39690
237719 49365
141296 147864
92253 75621
8250 205843
276887 162710
103252 38383
196778 115346
34565 159935
87618 299498
180643 72304
175279 166698
233709 234346
47743 112937
282649 245303
21405 293009
11533 267647
204096 272379
30146 106086
27837 5089
97828 164459
52922 289591
282817 135848
213644 69625
154683 180914
40043 11234
84300 110401
286905 140646
241571 135125
167707 200671
12651 278227
133626 237784
289130 32037
7762 127029
207039 293486
21635 23431
127932 98545
85560 223852
168548 188609
57612 84492
286124 54462
251304 92058
115090 26371
50039 197854
99292 103027
121678 106022
154607 258301
29021 272434
113694 67320
3507 293224
73782 115460
93583 354
172290 143215
19472 147039
288683 152328
232021 189845
135725 78362
258422 213167
242240 244728
118203 110091
162126 59112
193182 124488
254238 170148
110684 154982
89584 16126
131617 187209
211248 203894
112034 276741
246950 190156
122749 149104
31674 99048
258611 245492
226585 162751
161920 141845
201432 284970
181132 104235
187005 59098
277394 235241
225176 126914
29175 97863
89931 55341
163354 224922
230814 84460
293465 24465
180991 178940
157062 211565
6241 31543
291005 80728
192251 276429
51035 143360
249974 297970
214450 230927
63328 5902
104443 175363
103500 231782
31297 37490
659 273393
62224 119339
212253 190975
178042 66891
82866 34586
251083 79003
247951 228319
38186 296331
16847 270797
252575 117106
247172 55207
122469 38225
257708 267210
81607 12047
133743 202331
232697 90160
220084 81967
97458 81903
212601 241684
266585 38678
55799 161202
71567 297381
31354 134215
202838 71977
152939 205531
35408 194172
35272 231976
207189 185901
224693 287935
116079 160773
193769 198030
91840 60903
129946 52367
55159 113703
108600 223288
92938 34334
188066 17501
15696 63826
164649 235725
86833 77193
232365 107568
77082 199152
218388 227706
163302 64263
65809 196959
262738 61905
131666 24772
6974 107102
124026 217685
135919 234703
244028 28657
56288 185571
221563 211837
106270 62848
119892 121142
223244 298890
80128 190937
143356 160989
90479 178838
202766 42123
233219 203170
241462 163143
133356 73341
68806 90734
195508 78349
199721 14721
274099 233852
169464 17802
189123 76245
75875 6105
7002 83004
191692 57966
250349 20509
160581 262489
281290 232487
79059 219912
129145 170422
62576 183143
83639 129697
116568 245618
167925 125607
235012 104705
88656 41428
180275 91453
250820 241974
227921 28600
21790 95764
246238 4789
96374 283982
211277 145943
251438 61868
215303 216924
116104 138544
27016 27632
244355 12775
272561 279829
238663 151259
4659 4090
5805 257737
130124 148454
131358 169536
245629 68536
54910 72163
249569 170487
273784 128798
22423 204078
299848 203633
139911 280682
115284 102335
245503 16022
96946 139642
159804 85776
177941 270904
219355 119461
178539 206181
237751 55097
298137 23761
158104 229315
73141 286127
212268 171990
73080 222895
8514 192646
1582 211191
16872 243357
261553 159238
259216 212969
240869 229911
89485 121988
57723 117966
9042 239633
115132 145227
78293 93812
73030 139580
299481 243063
151811 476
46339 35217
165792 24961
91538 156026
42152 194416
83492 91607
214741 72461
144585 48919
100943 180473
239505 216255
219031 857
129495 105231
194402 267275
225175 17469
85216 221178
20661 103693
169630 35119
235623 63085
55805 10824
98299 251023
5126 276132
56825 219342
279832 203393
80762 28950
64590 91319
221660 138616
104839 274133
41474 106731
66633 148843
130401 276719
278478 45293
120459 173623
284842 92997
236992 215293
2774 88408
34758 250283
191611 38762
175230 250077
218603 92475
162379 79273
185941 35115
1863 158172
224205 290720
58990 219077
278556 245179
275666 126381
62995 28190
143831 294394
172964 131614
36898 139425
76911 146718
158188 93086
168717 32338
260041 139668
50541 62320
155130 268263
144017 198833
28987 222768
145291 158484
210203 92778
275043 260416
282425 215596
86934 198347
80182 252530
189097 54411
193525 233867
57069 151023
281731 162164
51620 138793
238124 292916
239262 83594
218433 190051
204005 163473
11468 80451
162758 102102
222175 223626
156445 34754
190967 169889
19239 236866
74942 12833
80325 40389
190128 142938
299299 18320
113296 136907
136068 54905
186467 248873
249970 7126
7948 237597
212583 205130
182657 150254
266507 61728
48797 37637
142373 35821
64541 173056
228935 169851
271502 219766
222452 240811
97294 241219
24785 156612
152254 71928
224959 156061
279460 296840
147776 117156
216942 126124
92284 155186
268335 34945
241858 190920
252083 77325
242008 281766
38012 221233
285863 118627
88624 229863
218583 118026
147851 190445
86734 195819
4047 190453
131543 274020
145337 263169
79805 84389
12413 53734
237378 125722
221385 97567
8477 253421
278175 126047
100398 23582
90268 162348
156086 92924
280955 299875
73003 287313
78899 5122
43282 23840
102495 104895
212832 188835
73254 237961
62835 157529
42129 159043
289918 178563
26250 68734
51576 93203
239100 292841
215719 204948
276216 13929
121092 4019
157302 228011
163129 262489
191785 231877
70688 73744
50064 221078
72902 131189
2457 44406
269531 49738
175258 30418
243623 35369
177887 127344
282068 203495
8328 118999
204695 50043
14368 121626
32755 299802
127675 679
24824 206587
236836 141129
229428 73303
201113 37832
241996 190094
3532 270228
221091 137475
194211 274466
139122 190241
46189 275823
176261 274149
241294 222777
259543 104952
58702 156403
201894 146967
134489 155754
184453 109967
127516 114877
160392 151855
36946 154380
181265 45855
221437 230316
68313 285494
36171 97080
163101 285976
120249 281560
77908 184686
228818 22510
284660 106833
34441 30460
195367 228263
82858 95744
9114 74663
161405 83014
96428 152851
125296 244264
274929 229837
21376 54903
23643 299131
91291 138519
117279 97271
269926 141937
265580 203619
80404 82771
139944 142869
115573 8050
72841 120960
207261 193583
240386 201160
46951 38699
60531 294690
65710 49295
79585 225984
220812 200663
237771 236442
158427 248541
1305 42039
238382 229788
135057 200880
70172 91344
23039 262926
27224 71606
266199 136803
289837 298278
256061 257974
212647 202144
254838 59084
281930 163274
95425 192217
40923 94944
245039 199245
233217 263941
127105 6020
290958 261764
13721 82819
224617 255883
32775 94943
206231 245375
115581 22584
114518 227300
203555 203148
58450 220728
73263 123988
65025 161797
182192 177398
210492 76154
22978 267981
102230 112615
54488 1997
181129 53235
271967 289406
149351 291726
57152 277531
128114 116958
216682 67240
153061 176800
81707 86693
205816 202727
261024 236110
89480 290114
262263 69038
176879 7099
51999 126107
103078 25628
193880 281449
142144 112759
10291 59786
93807 127131
159018 262898
299441 221937
105903 285555
217808 26225
17719 184305
292154 258751
24460 196361
176816 186091
219420 11421
24657 52847
286487 125515
194698 117639
133951 235089
57964 90673
57601 193471
169730 144243
119846 15068
122762 210309
14796 175901
191897 136570
39674 273537
219924 248350
166304 19081
299203 9734
247686 125137
277908 213078
138353 186090
104464 289437
113939 107132
152867 88997
60054 202555
25077 153933
202710 8232
81629 40486
24741 106805
125272 262550
236003 93123
92595 150363
175049 284773
296235 263239
33652 269436
163298 119338
185279 191695
89694 66106
168575 232609
119032 97888
60684 112835
133362 79240
232924 109513
249048 271430
222609 295829
3336 76917
35983 142542
288685 131026
170896 30048
130380 56650
243394 232511
166510 164170
36514 75380
108007 161886
210639 46992
167248 209513
212688 158201
228566 273074
16123 117651
201169 76973
5597 86183
57761 138951
95989 88154
187298 119115
175892 143877
277729 82138
207335 57136
61272 250217
35906 85153
136653 47941
149103 65497
103291 288275
188674 46348
260021 133161
218828 187542
12024 292447
16824 146892
271605 177417
90358 54926
285980 74464
259838 9953
20081 127255
298959 40611
81108 159413
296115 168057
377 6338
285855 228050
180922 239237
127139 26399
151863 75490
187828 192157
23098 2702
262479 182808
39001 147743
217883 26670
259580 6599
108616 177629
43352 4926
156698 91195
48426 193472
157156 128012
37378 97166
97215 2628
130024 215630
3397 196511
108554 157032
193699 34091
134754 166276
183214 1527
247844 223796
72234 250019
215780 239557
242506 278412
88006 87767
151986 251141
244307 244511
298676 191135
151636 244268
264389 266720
249214 242882
79496 51712
220201 191047
169080 264708
141815 24659
109183 257564
20726 116034
139336 165897
172657 111898
212084 138083
222775 237278
59943 243351
226520 153765
46958 62672
122006 210121
50420 163274
43056 292782
41891 91181
206704 50589
81815 153699
216558 210538
294869 93263
98931 209074
269123 240273
110312 189596
106734 256503
171843 44680
108804 16507
24740 89954
266197 86388
51635 231764
290354 209199
189404 276909
93093 55596
215748 79758
100574 165934
262151 191237
126431 242130
219920 160949
178273 35454
215310 136424
89689 299334
250622 189017
80049 224829
39860 44057
129764 224721
112479 191865
159556 269892
283893 278747
175689 14646
11497 110632
118669 157130
155282 194587
161208 56947
253427 130639
218564 218986
65306 19142
28392 268947
25360 134191
260221 230927
184209 135478
77230 216384
118478 219434
292082 114395
163036 789
297359 112765
144703 94879
88991 3375
10061 199397
29800 279486
126943 128354
175699 231930
5490 128516
60875 212933
268884 201685
224218 235083
43835 37557
254874 216871
213721 154044
183807 37935
16312 159925
255530 67723
91392 201812
43162 6316
190555 85333
71878 93196
265960 242451
137992 285502
211203 259982
129084 74413
6348 90210
5753 176685
231633 250526
19168 8265
112063 79484
105964 299625
113284 38124
155995 26350
129154 40162
69607 115953
177173 5627
147370 275338
150843 245741
23317 84395
248309 182007
175748 279647
60420 18610
269559 135856
265542 178478
292054 130120
91739 277719
90354 4494
265794 238537
157259 227460
160941 146492
107303 107547
246204 276832
70080 28929
236085 21060
247174 187187
41889 11296
270857 279209
75440 93712
251732 166610
177758 17645
105815 204256
225830 66504
141441 218322
191943 130868
54348 176454
16583 107741
168021 65468
293964 195261
83527 207357
109933 109817
201978 19707
289809 290566
72506 143917
229576 252966
142694 117317
218998 163751
294438 270052
281505 168305
143341 114293
214998 104992
247926 32679
251212 130199
200761 182340
284296 234725
297604 165909
194175 91753
222861 2455
182977 279722
122286 217310
121578 172398
23615 29033
288155 145567
237150 262957
127337 64025
108232 68136
131655 198588
218094 219882
56589 4711
246159 215562
24255 50221
165596 157778
204297 166810
10715 292765
154160 25377
175994 4028
69140 49248
110201 183872
7041 198068
293073 251705
235738 130958
27888 83072
256003 219069
108263 108100
131010 44922
60561 274865
88439 13914
154505 202078
255877 144824
216824 112880
252743 274774
228448 165992
220941 35279
58301 107012
238001 150841
231542 35968
224487 163773
294130 193866
270969 243878
38201 17665
160687 93035
269514 124127
75064 110375
148497 256119
11893 297894
278162 114300
255200 174887
167974 202891
28464 117945
223787 128462
280473 224619
6035 272576
241976 212971
83924 67096
168732 27053
46818 57833
224398 167044
101023 65361
4122 34137
173392 48142
272987 145465
178425 176892
110227 63959
40426 195708
43363 96678
10107 133016
2129 210806
184698 6092
63268 58656
148944 191625
70920 294948
47741 50506
204562 288759
238942 277284
286221 220722
299476 5190
164207 97262
77030 126377
135904 88959
294787 289420
296 15095
293436 87610
219131 8053
282072 247616
263748 34150
281405 206935
227887 244174
82553 39290
63874 148633
222484 18018
215669 249028
37858 11793
121547 119946
196822 139493
30015 160958
187556 25854
82986 223962
165396 226353
8841 264420
228886 39580
260704 52244
155440 72692
208799 285769
56415 160786
29276 298876
280159 293436
9221 96585
278541 124725
232182 192880
290055 116781
188276 187327
82875 191628
284102 251200
127452 73116
258310 70158
136949 174059
279838 47470
122179 70120
184631 196799
79933 216224
36975 277800
93105 136301
139799 223061
16475 10346
276142 21134
204057 215723
291118 94340
189094 181204
263696 11868
172906 148291
176158 13223
78560 289487
90774 298066
34685 48797
29893 286192
284525 232838
25717 185506
147759 265891
7346 289524
284889 239011
56162 190663
113149 201537
190094 64615
73872 230154
65249 280911
26415 30487
298269 199307
20456 138425
120790 82328
223740 90999
82369 132505
30892 178783
256353 297458
103397 174977
158796 201158
82078 289035
212675 226527
21580 204177
186864 22420
44389 289898
275506 205542
127659 110283
244291 161326
4534 281830
86640 155418
89417 19021
269349 7198
7948 101043
83485 125174
222607 161112
233450 15096
198257 7311
109645 228689
277953 112296
142129 159763
95680 9900
267019 196702
207235 172674
318976 318976
