636915 634122
885386 884894
368690 368631
513926 514466
89172 88436
595368 592801
898537 898735
759956 761829
702305 703230
336327 335991
819582 820127
233367 233801
344043 340293
426808 429084
999932 999992
993368 996107
297539 298334
651434 651056
66601 66698
573317 573809
260756 263057
429689 426245
558440 553711
108117 105020
834481 833806
179497 181850
332871 332139
409503 409522
122846 119395
243555 245934
792350 792543
324914 326901
373743 372252
899228 895953
901474 902595
794395 793366
894428 893285
114613 119151
235128 234440
67917 72834
43324 46067
689772 691497
110197 105690
228804 227456
573622 570794
887343 888089
354340 353918
79444 83070
408282 411540
167637 169699
947468 947397
548899 545903
713773 716586
187190 188285
116466 116550
422090 424774
855542 854606
103348 101176
262009 264345
166342 168929
44599 47320
602422 604691
54081 54711
73850 71225
741222 745521
352298 353488
371155 372149
445884 443891
690613 692574
31326 35585
457753 456505
33333 35466
251746 251378
549797 551046
12497 12750
247686 251811
613996 614971
32460 29046
707556 711458
617647 614109
895151 897686
104339 102647
516127 515623
60049 59085
636429 636086
903177 906077
407971 406022
495367 498355
585795 586538
102829 106219
956042 955682
618996 617629
504234 504924
673168 676373
204346 207072
204916 206468
893529 897475
193512 193602
59479 54869
966189 963915
47641 46021
56856 57273
372260 371411
107205 104146
826607 826129
149314 144843
591100 594559
89438 92463
633074 631841
550270 549571
101839 101270
92622 88828
319847 321278
745791 745734
391521 392678
359231 359210
393740 393794
554098 553773
187516 191032
372231 373370
519218 523239
894977 897662
299904 295728
20127 24077
810563 810612
593614 597203
311574 311448
781486 781233
803074 800260
935710 937442
11017 10671
871137 870446
894018 896235
596963 597018
963858 966988
698571 695910
722604 720753
349250 346382
109485 105479
80967 80741
740865 743425
127955 130725
245196 242817
647283 647355
245830 244767
966950 964920
189435 190667
89159 89421
989683 990724
141723 145047
449122 444968
335821 333364
102747 103918
160269 160051
862806 863603
547084 548392
742698 743689
798898 801613
178224 175115
945053 945134
671338 672327
28067 27920
292122 290841
884850 885029
202254 201904
199181 198100
15720 18153
79296 83121
230297 230329
443181 439675
68977 67668
641892 644417
651136 652496
247643 247980
506582 508203
220853 220861
9097 12924
533149 534059
836610 834217
448566 447614
72641 75376
696776 697581
80308 84901
250774 252219
522325 521328
1354 3115
492972 494513
561852 563702
375482 375083
323172 323135
18859 15031
107280 109267
146590 149931
189300 190806
104667 100303
39875 36196
413412 410874
346039 344070
611790 609501
259631 264304
101877 97564
353198 348249
588156 587196
98823 95537
275358 276035
933990 934313
84100 79146
42659 38740
19304 17348
232475 228809
788967 790879
361729 362631
88131 88133
301183 298806
893141 896294
843485 842537
450030 446001
342723 341785
152493 152924
124220 125125
49613 54004
207829 210500
458743 454648
952386 952955
979969 979259
429649 428150
7339 9803
231349 236264
843881 843892
16259 18322
636353 634641
558705 558301
774315 773880
240853 241522
585205 586165
596911 594354
300821 299299
332700 336745
23787 18888
799426 801374
346092 346509
115921 119741
954166 955160
774123 770686
99484 100801
25165 29321
217069 215324
867422 866251
148569 148010
105340 101415
65186 68685
56794 56226
263590 268529
352346 357029
151225 151720
36421 40393
120356 119404
568111 567228
470216 472555
335344 335940
260757 261276
194650 197942
41598 40491
714937 715507
132540 127956
615609 617105
22939 20176
222407 218923
139053 138525
892438 894426
149010 147505
994425 995897
572553 573750
943003 940968
592334 592331
546560 546941
185185 186082
595097 592689
373349 372036
34986 37916
237892 236276
596366 594851
73847 78460
22300 23362
230775 232757
506518 509083
329499 331633
84303 86989
453596 454411
194465 198916
17135 19843
898500 895985
445950 442257
525339 528219
402293 402506
466382 465938
334813 330130
48977 53512
115464 116233
458793 455354
546620 546506
657371 660789
447433 446943
112132 111183
492335 493757
710936 712589
277052 276832
619204 617917
119540 123261
219170 221397
11520 6957
793660 796543
912267 915490
84292 83781
371198 373858
422376 421367
89503 94390
243823 245752
68012 63803
403134 399375
62958 64857
363923 366526
38320 40320
506952 506964
103807 108566
572525 569631
59560 62186
332973 331036
263748 267169
101832 104618
526127 530537
27458 31063
64901 61736
331867 334357
250732 249494
165457 169289
643461 643444
32538 28410
836754 834221
675743 680143
233021 234506
933720 933910
681983 682444
45063 45583
976554 977092
531492 532422
658094 662874
121784 120262
38602 43094
310840 306791
707654 711102
376088 374512
537797 537577
333694 335699
674782 674500
242869 242633
449299 452023
546350 549586
140292 142534
335164 334141
825916 824827
614511 619185
315265 317642
352976 350307
259134 261967
450127 448221
67697 71013
152986 156472
635767 637044
770136 769701
795367 795579
593630 590779
71161 73837
785900 784212
572996 571022
784416 784468
238502 234225
352949 351159
197235 198195
31502 26874
393799 393271
347194 351953
435776 434392
834684 835223
64835 67610
204105 205362
157265 155633
363558 366159
185160 190123
895038 896265
311796 316229
8430 6876
295407 294748
473495 471694
760029 761364
492631 497074
101662 106175
30096 34647
112110 109411
803069 800588
123090 125979
127682 128386
634295 635028
62251 64975
244564 243826
564401 561456
638589 638133
62795 67621
258803 262663
33882 30727
61648 62343
512505 515451
199093 198538
53842 51008
409560 411461
821955 819144
53542 56798
142496 143355
743294 745218
326644 329847
29729 31475
443370 442776
446286 443588
554421 553474
42772 43947
10946 13069
988751 988114
454833 456243
874951 876934
125972 125165
298129 299040
327630 326886
569078 569838
128825 123943
296358 292914
615055 613745
154589 156872
361246 360834
499950 498830
53428 51878
660056 660793
678241 679155
183458 182904
951318 950919
452111 452240
810012 809826
357055 352276
514995 515875
946632 946739
251761 249543
992210 996496
999213 1000000
527998 528678
116035 113397
300131 300883
317824 315068
6071 7073
28656 25268
21018 24784
784284 785243
788924 790130
699356 699243
172784 175366
28215 26596
79269 75392
468232 470563
313522 314342
125413 120457
171794 173412
199267 194828
564350 563121
217177 222083
153954 151446
452470 449363
15469 11743
591440 594711
121288 121814
990816 988440
69027 72105
693059 689833
68399 67995
459967 464325
120688 118280
220239 223290
328242 332734
241306 242086
732493 735442
164626 165764
610720 611894
60014 61428
175739 180395
769257 768097
967037 967070
35368 37584
323221 323179
682775 687552
529462 529848
740259 740073
14057 15392
768394 768797
488339 491273
586442 585938
977904 978817
964680 965682
592203 589857
528560 528310
178440 181997
61048 60038
84148 80811
293554 291277
108342 110096
891254 895393
345764 344422
471704 472858
237575 238521
120160 122154
633623 634765
745488 740792
224149 219737
494151 493791
62382 61258
123786 120180
152167 154701
631809 635855
231109 228440
261451 258294
533764 533281
711564 712550
493503 496871
174967 173501
633400 632693
67850 69307
122431 124175
952861 954572
84821 80161
742780 744467
671759 671530
713458 710798
6484 4611
707329 707205
812661 813529
405247 404747
62638 58162
877140 877910
41882 44492
295098 298490
919986 920524
472944 477472
86034 88071
705107 705472
410655 412902
596083 593081
628238 626388
595892 595687
972835 972644
27495 23007
947983 951306
447757 452115
944650 944770
520958 521015
766768 766228
374844 376402
350259 346289
504350 509322
126763 124744
24561 25073
450254 445337
242587 243882
215450 217004
442929 447225
678685 675428
40881 37174
816215 816627
251304 253523
6046 2991
235706 235918
462197 463327
27172 22643
514403 513985
162283 164660
46828 45802
147484 143225
207249 204440
532074 537055
589735 590472
220943 216128
572322 570542
119204 123311
162289 162096
410762 413029
748250 748513
600867 596400
200313 195454
428386 426220
116548 114895
635281 635242
374276 369685
176022 180777
356569 358146
905192 904803
97161 93557
510069 510138
661055 657056
853661 853584
186440 189877
270296 271317
342196 340445
517875 518480
1925 3354
545772 547215
62426 58525
663994 662124
444543 449368
43983 42033
683501 686379
256387 256691
789062 789713
255351 256698
788837 791787
120804 121316
17808 18655
419677 418526
992709 995563
315612 318832
970290 971560
298941 298834
819439 821128
600117 598464
801455 800032
326572 327673
647339 647501
184454 182328
368447 364405
962103 962615
626607 627818
507752 508343
636143 632407
455662 456414
492803 497092
536404 534108
436665 436987
92061 96332
531400 534335
908846 910031
36214 39065
198952 196612
690930 691683
192190 195444
919287 918215
747442 747752
82424 81915
912269 915344
766083 768110
725170 725208
170982 174633
890371 892034
372147 372604
476021 477524
254732 250406
248836 249094
98032 102863
492905 492709
316428 311470
851601 851231
832038 831641
546413 548833
764902 763964
447374 447051
231456 228228
288131 287123
24122 25801
61690 60743
963007 962256
701493 704000
586989 585854
47395 48118
236614 235813
58976 57238
373855 369452
585542 584368
394218 398687
453694 457140
11964 11228
17566 15351
650352 649595
58856 63687
169370 166327
506466 506963
148075 143088
416065 415995
911917 911726
437329 441787
387633 387342
892857 892060
22190 22989
482280 481927
39334 35906
571220 570375
47983 46933
156181 152756
530952 526840
407063 406731
113244 109929
635246 633002
658790 657276
401666 401897
716454 713683
352042 351738
64335 63078
62975 65892
923307 921026
687849 683421
238230 236073
761745 758179
540592 542133
386216 384792
571192 572275
163038 164280
802050 799132
988922 990070
369755 374000
467455 467862
535811 533836
874969 878779
923556 921344
66317 63831
447450 450930
255018 252621
194011 192807
220440 222624
93 1
155988 151671
375974 373101
91583 87393
508341 510118
127303 127480
56055 55785
676782 678040
267672 264087
630773 630605
559189 559746
329519 332965
227241 226875
401305 401812
727459 727155
683190 681525
557051 559258
894828 892068
610268 608914
64662 61367
302120 300471
323 4023
147732 143918
146290 142648
456375 456113
189497 190135
924554 924254
342789 343220
107681 103777
50707 54018
353914 351585
405279 404771
470380 470767
265238 262201
77773 81331
73828 69991
635591 635045
52918 52218
669532 667853
596803 597623
516336 515278
880533 878438
321813 321765
209802 207811
402303 397394
677538 673945
60319 61761
472633 468052
76169 76284
789348 790147
44365 41951
262999 258910
17315 15088
409938 408804
996683 996885
347869 348343
615222 614583
102393 97531
24145 28358
197734 195982
90717 93277
875286 875819
234555 233184
495633 493765
110799 111383
441089 445583
96382 97440
190800 190187
186431 187677
346276 348322
162945 166389
681019 685638
326456 328679
666118 666876
534070 535798
73870 75494
96169 91736
353127 349396
592478 591968
344685 340327
947041 947634
182394 183618
222218 225443
122523 121802
120896 116287
268023 263729
782853 782895
175905 179694
741933 746240
316586 318339
451979 450287
235975 237520
1914 4424
398210 394795
658435 660135
346896 344864
617059 619379
499321 501941
625012 624126
845746 846195
376621 372737
232381 228032
21091 19700
573268 571421
52464 52774
56757 56670
759325 757937
146546 142477
69004 71601
593589 589889
40194 44412
216446 216542
426865 426605
396429 396543
333297 336089
334728 336109
445143 448019
100255 95651
625727 623325
221236 221855
2427 4663
467276 467203
586766 587687
265405 264341
58261 55590
103241 99842
643316 644303
448499 447398
299455 294725
342337 341734
341616 340608
530123 529501
276451 271568
477583 472695
98165 93444
555382 555844
519640 520408
234646 236889
708675 706846
51103 54383
999518 1000000
72699 71827
900994 897231
23856 23346
793946 791463
88883 86119
518078 521547
229189 231533
415548 416749
768735 766075
81555 84513
831590 832221
217497 214376
262331 260747
770387 769645
414865 410036
549294 547272
523315 519200
164681 162488
497247 495479
743364 745555
139265 138670
68689 65484
527885 529549
509185 507805
657817 656553
707630 705488
171275 174912
413022 410120
178849 174623
662720 662946
204680 204826
336066 338843
768127 767723
11735 8107
501626 499522
427412 429099
381035 379783
424342 423058
197274 200976
410116 408653
617140 618394
881530 881512
972619 972699
352742 357165
761659 758610
90859 86288
79088 78731
115945 114907
773198 770635
988790 989095
790666 793982
547597 551970
27710 26126
474285 474958
20468 18429
162493 166446
301002 299093
719802 719546
657521 656854
557630 559462
520918 517266
334527 339033
75743 70867
910276 911155
225205 222667
210884 210372
86681 88821
50740 54766
801055 802755
255288 257769
56927 60965
177203 175179
352646 352703
563969 564766
267667 266100
634488 631866
18507 15025
630604 630726
107478 107515
264453 268045
231941 233179
987038 986971
84746 85389
95018 96466
197315 192574
511021 513683
570524 568583
636640 633458
58531 57333
270867 270407
615253 615459
973703 972439
789923 791712
481764 482043
176239 177386
38879 41631
177161 177030
193908 195764
495688 497915
296449 300914
21743 26389
61773 63184
308338 306809
555233 555276
18704 23343
412418 412478
247397 251365
94165 93156
44901 44348
772234 774561
699846 700175
98605 98624
616468 614864
114462 116122
195195 193719
57911 58553
863078 861927
967600 968597
393921 394391
81925 77985
429566 429826
94112 90774
620985 621924
709539 712955
668112 669059
461481 464180
921664 924687
166488 162480
167308 162409
