30886 9383
36915 2777
38335 7793
60492 5386
41421 6649
90027 2362
20059 8690
13926 7763
83426 540
55736 9172
95368 5211
56429 2567
21530 5782
65123 2862
3135 4067
79802 3929
23058 4022
98167 3069
18456 1393
78042 5011
77373 6229
44919 4421
98537 3784
94324 5198
64370 8315
3526 6413
68980 6091
41873 9956
99170 6862
97281 6996
20925 2305
36327 7084
26505 336
21729 846
25857 1313
53895 6124
545 9582
33367 8814
90364 5434
13750 4043
26808 1087
47178 7276
93584 5788
2651 5403
12399 2754
95060 9932
93368 9676
10012 7739
98586 6226
97539 8094
80570 795
60378 1434
66601 7467
12902 97
70492 3317
60756 6652
60280 7301
9441 4286
29689 3865
46619 8444
44729 8440
8117 8031
5771 8097
90675 4481
98927 709
77856 4567
72353 9497
76965 4586
64683 5306
28624 6219
32871 1528
48829 5732
30019 9503
63368 8270
86715 9708
18149 6340
723 7796
2245 2618
93451 2846
43555 2921
97488 2379
88228 7764
92350 9841
41500 5193
87764 7034
24914 124
75856 6987
46491 3743
48365 2227
81936 9859
52551 1432
99228 6437
75407 3275
76121 1474
94395 8858
61237 6029
73793 8235
94428 5818
31011 6143
39529 5928
22404 8776
55763 4443
54538 4613
36840 8606
44818 2904
70688 5128
67917 7369
66996 9917
87743 3324
12183 9470
95499 8490
6725 9772
55590 5644
68139 7505
69786 2954
38082 7669
88464 8542
39507 197
28804 9355
78611 6348
27828 3622
87343 9299
35568 5746
55422 4340
13810 3311
21801 7605
73730 5661
11305 4878
78736 9320
48626 9444
3465 8522
73416 6708
13258 8282
67637 2924
5624 2062
32036 2600
11899 3452
45550 9379
90071 7468
87131 973
84930 3881
45894 8933
70163 8660
87981 7199
52996 8899
13773 2959
39668 2813
81095 7190
16466 2926
11340 5084
27684 2090
55542 3376
79107 5936
19756 7445
18418 9179
89412 6887
32172 3348
62009 1659
25210 2336
67587 6342
19301 8206
67372 7713
1255 5321
44599 4819
29904 7721
39811 5939
15667 3940
46228 1705
29150 1127
96658 5984
89224 3920
67269 2422
54081 1396
40084 5630
11972 9292
73850 7672
5385 7625
39299 1222
6042 6640
40713 3898
56190 2298
42590 524
8581 8209
99336 8819
71155 7732
18004 5994
14769 379
81776 5273
47255 8850
48142 1860
45884 5579
23205 1993
79567 7621
90613 2504
62754 1961
54259 1326
28202 8944
23506 3202
2021 6784
90868 2842
35189 9528
49908 8872
10498 9958
18808 8036
86248 7753
33333 3303
21648 2133
99754 2890
51746 7567
19529 368
38046 4500
49797 3788
86990 6249
3033 3303
12497 5363
94892 253
19125 7686
13996 1152
9188 5975
3729 9157
32460 5436
43921 3414
26304 460
88027 28
66748 8050
8902 7556
97697 4794
71043 8699
32002 1039
6403 428
681 4500
8538 7647
95151 6159
82134 2535
71692 4339
16127 2215
55629 504
90964 49
36429 8285
76335 5343
2900 3177
7971 5238
60289 6949
17988 5367
85795 2292
53144 743
58390 2829
55340 1682
569 3541
74232 3826
56042 2261
9117 360
66761 8023
26309 81
95425 3190
6367 8996
4234 4677
31626 690
26057 4524
73168 9614
90358 8205
47386 6312
4346 5100
34994 2726
56552 4916
93529 5578
32290 8946
56970 2647
19080 9051
18593 9631
18627 857
61886 1312
88355 9214
20090 3512
59479 4412
58969 9610
52274 6189
47641 6355
25433 6620
77888 8987
24566 8338
27284 7770
90417 6856
72260 606
237 5849
73059 7205
48518 5217
90783 4945
28458 6873
67637 873
20483 4289
70478 6607
49314 2757
45729 4471
33459 1100
89438 3618
11388 8025
31233 3074
33681 8157
60358 3493
10699 270
1839 3417
68363 5569
28794 2622
19847 3173
17462 6431
39390 6682
45791 4292
55115 5057
96157 1521
31491 8574
62951 1947
35021 9231
93740 537
14030 5054
35325 4098
87516 1081
33002 3516
46139 2231
85404 1796
74580 2338
39021 9218
39862 3970
35379 4812
92685 4977
99904 1536
33483 4176
99759 9207
89744 4857
69911 3499
63950 127
77560 5236
75105 7818
40049 563
88711 1244
19934 1805
77375 3291
93614 8955
43768 3589
44918 8993
76882 2805
76982 4822
24030 6717
11574 3093
86593 126
50253 1486
3074 543
34713 7814
38377 8179
15775 4762
32919 7088
6732 5710
11017 294
60235 346
45691 1137
23943 5153
66328 2573
49291 925
94018 6710
36836 7217
75055 6963
63858 7090
14904 8130
72661 8571
89685 9633
13073 4789
56851 2604
49250 9805
36503 7868
39006 9485
14639 2195
21120 2949
80226 967
87677 6763
63981 596
87560 865
27955 9036
33518 7770
66342 9211
45196 2532
27321 2379
94984 8270
94427 4172
52040 4234
70072 7283
45830 7398
70347 1063
82030 6950
53714 573
57522 6059
26924 4047
89435 5082
29204 1232
30443 2954
45486 1898
84278 5640
50262 9159
89683 9262
39848 1041
8324 1723
49122 6272
27335 4154
37457 5821
2747 9365
11776 1171
25218 269
21703 8701
9933 4653
53959 907
62806 6728
48720 5797
21308 7084
42698 5334
76376 991
52715 8898
25171 1052
71559 8189
54010 2506
78224 9016
16539 3109
33378 33378
45053 8109
89114 5081
5989 1338
28067 9426
75223 5147
32231 6787
92122 6532
23875 1281
90179 4850
2254 6590
11131 5350
67857 3813
99181 1494
54603 6081
52433 5720
90181 7982
59415 7487
68825 9296
38722 5404
50551 6892
90032 297
43181 9134
90415 8506
99708 7057
59999 595
12297 1962
75776 7483
68977 154
42587 1309
23382 9932
44266 5021
8860 3563
9211 3682
69086 7685
90930 4285
94583 5990
51476 7314
95820 4116
37525 1892
38839 5528
97490 7525
1360 1136
47643 9618
80928 337
26621 6582
17955 4310
34225 888
74570 6815
20853 3437
7722 8
12350 1783
9097 8657
89126 3827
22071 1269
33149 6651
40528 910
28398 639
36610 1888
28577 2393
98976 3890
54552 5199
26087 6931
60099 8777
48566 657
77017 952
92735 2641
91298 9368
53195 8184
55805 6776
23428 5266
52528 8954
19593 308
22197 7278
89672 2555
6445 774
22325 5000
38283 997
66127 8412
65421 8382
79334 4693
87334 2439
48159 8421
22957 4985
91761 1354
92972 8762
67716 1541
11850 1852
75482 3662
76217 399
1173 5154
86506 9015
76364 9851
88263 4790
23172 2491
73537 37
28828 8859
7280 871
55856 6987
78341 6590
25352 3970
95511 7665
49517 3069
13083 7361
74112 1351
6506 9300
4667 1638
31489 9364
34154 1032
39875 6104
6141 3679
92538 3412
90636 4969
11956 6170
62760 2844
26814 6649
94314 4465
13886 2326
46039 183
1535 6969
32621 152
11790 4393
50109 7289
34673 9631
95735 4264
74295 4548
4313 1877
53198 6833
99355 4949
57793 5155
88156 8468
82933 960
23286 8823
75358 3171
40140 5677
22181 3245
33990 2761
10050 323
9954 4100
68364 1075
35624 2042
23919 2659
25844 6289
51238 3469
74976 1551
20019 5383
26343 3133
61956 9304
32475 5981
68011 3666
46912 8967
61729 192
56868 902
65002 8131
49207 3174
5216 9718
92377 1183
57472 5487
38957 4573
76125 5062
66797 3933
93418 2496
48153 3141
75474 1726
25393 6980
85948 3485
50030 2305
69559 4029
52160 6898
6424 4562
84280 7719
18902 1641
73480 3010
27583 2726
34140 8789
42723 3708
32557 938
10431 2493
24220 710
77690 5905
29391 9613
38270 3638
27667 9421
2671 7829
58743 6180
13899 9095
37088 3024
52386 9154
58232 569
55710 9969
30 2373
9663 8433
67279 2587
29649 94
22351 1499
57464 7339
87330 1742
47515 2086
19915 1349
43881 186
75634 5011
54387 4133
23287 2722
39643 6773
86742 1519
90244 5354
10139 3124
52063 6259
36353 7418
85269 1712
5404 8705
26799 2733
54819 2734
40435 4315
40853 1087
2450 669
74802 6487
45562 6837
63610 8089
95960 5205
96911 6704
69829 2557
18816 3403
821 1892
3605 1522
46579 2443
61528 5361
34447 3378
64045 2700
23787 4882
75551 4899
21386 2589
99426 353
64794 6948
68506 3036
46092 7107
79664 5417
88820 5921
54166 8480
86354 5994
8437 4123
99484 2933
6312 6317
19017 3931
25165 6709
91608 9156
1745 7069
67422 2995
96295 1171
80559 8569
25676 4801
46571 6652
58925 5340
20172 1743
74089 3091
3566 6527
55812 8878
85196 3050
53333 2124
65186 4213
63370 8499
95568 6794
86141 5115
82639 9342
44263 2437
63590 3198
6202 9939
91631 6513
78257 5128
94571 1804
34683 2346
51225 8138
17540 495
68972 6421
40634 7226
65725 4158
90952 356
85472 7645
73339 3446
75883 8111
47661 7603
87542 5825
82339 216
35344 9174
7330 596
29294 6267
60757 2013
48860 519
33292 4650
81876 7832
51990 279
10635 3953
41598 9295
52741 6107
80570 4937
32540 4976
801 4584
14800 83
15609 9492
76440 6496
12763 2939
81304 5735
2606 9873
84523 164
64349 2251
42530 2751
46704 6339
91986 3165
65625 8302
19591 1079
22407 2547
7131 8484
4919 9561
39053 1931
88427 528
59819 5494
37581 7543
23768 1123
87639 187
92438 4643
7394 1988
84680 1320
4486 4098
58752 3018
54098 6463
49010 4695
63179 6505
16066 6142
94425 8098
4978 1472
86966 2853
16748 4797
22272 4547
81086 516
65159 9912
61900 9877
41197 2553
43003 2932
55951 2035
48498 8107
29154 49
2906 3861
70003 2334
76784 5325
6797 4428
63633 1763
46560 115
51014 381
20897 5185
95097 2100
38329 2408
91313 3349
52634 5879
57914 4316
68775 8585
34986 2765
36626 7930
6616 7892
89569 6629
87409 9752
81515 6366
22833 7395
47776 4428
29613 3847
22300 5026
3786 1062
30763 629
56508 5100
29416 3397
91982 775
53540 4544
28826 3320
97565 6518
29499 1794
51546 7134
99853 6908
84303 3062
93842 2686
96534 8432
49810 9807
80869 8834
95815 3596
48696 7984
11382 2324
99451 4465
25361 9716
63037 9343
75861 4187
5981 602
64088 5360
38620 3879
23293 3941
86628 2924
87708 7135
56942 3162
1996 3870
7466 4163
98500 7811
66487 2515
83332 6234
45950 2290
51633 8693
62880 5339
2293 7494
32854 5213
75444 6382
30323 1475
10751 8738
15873 6951
16465 4811
68681 9168
59683 4813
48977 2499
65014 4535
769 5464
14107 8346
73391 3072
88411 5740
9587 2623
37836 7057
73439 8793
46620 3281
28371 114
53418 7371
88534 596
49764 9883
4697 3567
66067 5800
335 3674
85490 7433
12132 7457
80529 5949
81690 5523
38147 5292
92349 7629
66422 2335
21968 2140
2255 3043
86766 339
10936 2025
58260 1653
65220 7052
19204 2957
32983 1287
78721 9540
36997 4826
67127 7205
92728 3878
19170 5169
72798 7227
39563 1520
93660 9221
68616 7883
28223 2267
84292 5382
47035 5511
32563 2553
21862 8608
59895 1768
87660 1198
22376 4968
62173 1009
74887 9503
54673 1254
18481 4057
21929 3823
83044 4396
52280 1942
44209 8012
39747 6855
52366 4854
3759 3134
31742 1281
69401 1973
13171 1638
62958 3413
14422 1899
57755 1484
29090 5661
16071 8780
72603 3923
38320 8000
69942 2000
40012 6952
3807 504
75358 9759
82894 2525
90158 9117
21090 4636
22626 9560
32973 614
18865 1937
43421 3748
69409 6620
5400 8863
52786 1832
39833 8004
66356 7458
14410 6127
56631 6368
86128 4569
23446 8341
27458 5374
10 3605
73165 4901
31867 8989
40926 2490
86238 732
43705 699
89562 2000
73832 5457
43461 2348
49807 17
72497 6169
32538 569
15139 9128
77470 5018
20392 8585
68542 1280
2533 6754
75743 1707
80550 4400
1485 3021
33720 6788
55140 5190
10647 9634
81983 5325
91694 461
96630 8142
45063 4191
93320 5520
80538 6554
31492 7142
8422 930
37685 34
58094 7308
61708 9780
62802 8644
21784 9545
41087 6522
36157 6925
38602 1735
38548 4492
98986 296
10840 1530
97051 4049
36956 512
7654 7589
94872 8448
68482 2428
76088 2557
62337 6576
65220 7797
33694 5139
38014 7005
80282 4782
42869 523
25015 5236
81884 1417
49299 353
754 2724
13236 6350
40292 7710
6158 7242
86023 5164
67721 4641
17569 2111
16260 6410
87902 2790
86147 9955
41089 5916
16439 2781
18017 3958
65375 7806
14511 9901
8978 4674
77377 5265
52976 8566
92161 7669
52833 9134
