23430 35343
8205 8912
102966 5224
24615 49088
77800 46187
333776 333785
66076 103867
51039 33033
61135 26492
60919 21996
317070 317413
159189 154987
373527 375082
58654 52015
26039 28999
28933 2556
592838 598391
109973 39930
356225 341674
113271 45726
450799 440146
763034 761363
9400 80372
56895 41621
38642 45147
79891 13798
94568 9146
702008 703746
105994 100863
11784 49979
62156 41337
25449 11437
25133 2174
819490 821313
16270 13223
79441 57932
943293 941645
989162 986125
101723 110311
59467 77656
987203 985936
184249 177659
28857 96007
56700 73562
7959 14435
39042 61653
197285 196085
324780 333114
23425 78986
86427 12793
22079 61654
35341 14299
523626 520025
105636 25321
79863 106463
40882 88003
868872 867529
28254 110564
80409 47518
8549 46947
6106 2271
46103 68780
189689 185405
36979 25887
6018 102797
91633 31490
178799 173450
6566 5188
99315 821
10947 41517
76750 103668
66281 108884
76974 84763
21843 27362
797080 802687
17978 55611
715012 715442
46527 42059
24744 98804
11499 63513
338953 335060
13479 44843
891208 894464
294083 292662
115182 132107
124341 133222
691020 692653
42978 78354
346001 348175
158922 158354
73558 77906
494233 495171
837249 835214
949022 950459
53224 97909
64048 61158
147654 146857
820239 821681
38779 32673
89903 109268
43676 2368
90555 37822
705129 708609
86329 91367
23935 25543
103826 21155
936454 937045
112746 4537
774305 771583
109618 84484
52065 14106
63435 1542
4984 46390
112277 93830
90192 63962
56695 101137
658212 660993
335134 332290
29010 23047
895898 889952
18169 15035
15075 48000
349297 349635
60766 18036
7454 105784
20924 32505
793688 795008
89909 78195
19720 40906
82801 73674
94825 55942
235734 237791
10102 28023
75723 48362
408398 413081
78169 65258
44881 71504
17556 39239
112773 80445
82959 90817
56565 56215
92007 45526
45228 37274
39146 24027
76848 110668
74823 98685
32061 96893
339553 329911
40882 53141
882452 882267
597101 602067
992695 993797
743520 743037
174771 173119
35816 56692
545792 546458
57444 46361
122706 130417
405693 405876
25525 56017
309150 310117
73763 101128
309967 306584
198010 198714
374296 375166
251979 249293
83720 46369
109639 24422
98990 10911
26416 62976
87110 34657
93220 37397
23116 47738
19819 22128
783741 783613
36528 80473
22533 74174
134264 131326
449633 451577
78509 69119
12788 979
76832 57574
438134 440693
806221 805811
96715 93627
841834 843483
742087 738838
992879 992235
10436 91259
85878 42836
83297 105080
372958 376012
81686 11810
469661 477556
10239 78496
906124 902681
196571 197704
62994 65071
346740 354001
66042 87112
770233 772331
14712 14053
90249 37740
40748 74357
954729 952329
88811 71721
728841 729135
100703 14425
35749 64947
745018 738146
81724 21816
444425 445832
447613 446575
399849 397126
40163 46099
110723 39751
52329 17355
881618 875413
989506 990301
41221 105598
169764 166880
92546 24747
587664 586133
19362 59226
189159 188325
67760 101505
76083 78202
23232 97796
101959 94516
106886 30048
21536 83458
100281 100330
51670 68811
388905 389010
55291 12871
489407 490097
43116 50851
20896 52826
92777 45342
10282 18930
109484 71548
89454 39447
57626 63292
65600 5854
26359 15168
88326 13030
249568 254519
20411 90034
608882 610058
673904 676227
52048 26699
105993 61414
74179 41222
99532 72471
336638 339977
686803 684179
8167 71620
327909 331498
709041 705268
913545 914386
175868 172500
103543 80278
86314 30137
47628 71626
32404 97555
86100 60600
92688 8138
66854 97619
9262 103575
87617 77012
65881 103725
330788 327818
335948 326096
146483 148662
111289 25733
42709 6154
28255 103974
298352 297838
661786 661719
43193 103619
18835 50577
61221 33210
34009 87392
32409 33872
364424 366371
326701 330744
109846 86676
103058 97920
56726 32353
49106 101609
102530 75212
84875 60061
24993 83713
892385 891361
96612 38701
101020 109517
94111 93295
165128 169355
33436 79082
77552 84026
63037 65530
617297 614117
109246 98481
15111 38954
19289 42544
184225 176756
94027 57173
11411 109271
595353 593527
98116 75514
100385 76463
593879 595205
103256 24839
30316 21711
897695 901106
26240 91869
77569 67621
84440 71429
112624 58567
87966 10038
13424 16550
855330 854672
792893 795237
139324 144530
65146 13677
594803 604683
23685 9010
20047 40180
54819 52019
152519 156785
48334 74884
10547 107269
18395 49647
878988 874793
382482 380050
84549 107263
38820 4584
806716 807087
151954 151953
46414 56250
141629 140024
26651 44092
23404 58668
109831 92488
49575 53378
120091 128794
4888 13279
891295 899888
93976 8615
97167 34919
30773 51078
10438 34549
253895 254607
90851 37479
950488 947327
21206 66816
110347 5416
105160 52827
554074 555648
50447 99592
27450 104050
5471 62780
471758 471299
404521 403930
90448 25689
95771 44577
66748 57833
441129 444374
440787 438761
30515 85457
62719 48118
89436 8168
293058 292671
102934 87780
24000 64905
43214 83353
125007 119175
33698 43676
53564 36222
66645 32416
276645 274983
26528 87707
74571 63147
32608 71065
54528 30104
921830 921734
276573 270593
85943 94057
199833 194764
20795 52501
441306 442324
71961 6060
998117 998951
402550 400023
71020 40208
721447 722651
90727 95843
331471 336044
15860 16058
141877 139716
34803 41358
535285 535135
21453 7465
170974 175856
37942 73712
60279 107053
72242 31085
26025 48428
24477 53524
86524 1664
16536 7490
348420 347146
99782 106644
53778 5138
84927 1049
39274 89541
264637 266727
78799 86285
32242 42414
796752 791517
467982 469348
58420 87118
961214 962291
9203 38411
47486 52968
109161 64595
890396 895055
91331 24726
36674 66195
11879 90660
25285 112940
58878 45814
246107 248197
353509 353210
92857 107881
215358 220440
35379 22627
43224 20461
670742 678786
55794 30219
175506 170763
62934 111921
599893 590623
179382 177379
28264 16948
8044 55375
19304 27314
35973 38769
99851 61771
31379 36660
517351 521291
403274 404604
754556 755394
590258 598112
549614 545526
60702 85624
127946 117579
52657 95391
307288 306535
84712 70648
32230 36618
107769 70078
67358 50459
28723 42931
22574 38227
171743 181325
274584 274114
14709 51972
215397 223538
173555 171838
94519 105266
16862 35199
398146 396605
135601 136720
990371 986031
51356 104433
893742 890973
81258 109440
118677 130579
116663 114677
70735 29091
38431 97736
4427 41969
95448 62077
40651 106151
104114 109599
36131 59670
101509 41124
606106 606614
99666 68412
91798 30540
102079 94722
21573 35707
49914 29333
17064 40173
199440 198703
3408 6977
79060 29768
75124 75408
400605 398841
469845 469207
81644 89531
51711 103068
8544 100469
49902 43784
203326 203049
26115 85931
37982 71970
48722 76579
79227 12953
93190 86394
22777 29837
96243 106007
356656 357731
109047 49768
989580 986703
43455 98984
608636 611691
471827 473949
48364 55313
690730 690957
616079 618724
10561 103089
108020 47457
113407 133858
28157 13037
19074 34983
63283 2202
35500 103972
62961 3525
9138 69916
98798 2342
65629 70976
54244 10444
17651 49862
24479 29768
70706 8733
51655 105076
216315 214619
76361 44606
7049 19452
34876 52459
600534 591388
46854 72591
744284 742692
25050 96197
144843 141310
713436 705906
703198 701830
158903 154004
106088 22673
80511 24612
100145 30782
20399 76551
106011 78388
61431 24582
369045 372583
15905 86107
85612 25110
92439 82850
14123 1354
776466 776816
100667 75446
83178 103188
106309 36534
70352 1429
118202 125341
735999 736101
63618 655
275548 276288
49661 61370
595092 604046
233440 232918
50482 33841
97299 59679
27355 2380
97741 58165
51172 22400
55664 92131
893181 897757
786122 785946
67900 111396
111119 35896
568 2019
73344 18802
29518 51723
349281 344081
55400 90234
405140 403942
81597 90711
71205 84698
784874 782466
77108 102172
64812 79473
69141 47408
640779 640951
347501 357369
60254 105716
84335 100185
97970 93517
82059 63765
68122 40858
100760 110763
444067 447545
32773 27709
80928 61018
25371 48784
99323 29134
119472 123678
991478 989778
45277 18414
6400 51006
188375 188828
102075 26533
612688 612750
10457 38698
8834 74527
397248 395799
59476 27978
25173 86122
153651 151618
44249 94020
105129 71167
323421 337951
657333 659945
37216 100730
26625 16847
897654 889974
34622 13377
36115 87188
90635 26827
998128 998283
37082 86278
113187 101709
672911 670483
9621 32339
219777 222358
716664 714377
65507 52540
95983 87245
82345 10808
2334 376
760326 763510
6245 111426
91202 56485
92876 49208
28566 19259
7524 80405
38882 52047
85339 82650
66849 19503
69240 57592
213192 217272
106536 88168
67246 63683
76874 58448
12668 27493
556718 556278
50950 50452
264910 265106
266278 263569
213466 226497
19991 4225
91230 69230
33313 10437
283930 282381
22768 16606
250065 247791
100380 41414
106168 37554
899441 899919
773331 773905
252784 246828
133532 132158
330822 330760
78874 11660
97695 21917
682366 680689
90206 110244
27452 84295
529678 529950
196042 196741
25914 103395
122739 128485
36822 103334
64445 93172
58644 15918
76624 45773
25953 5161
96632 97769
12255 62570
174604 178728
62793 86538
41595 95386
330668 335930
621760 622245
71363 26206
5090 30003
9550 38290
8063 80913
34750 67228
102130 36941
351381 353073
51774 100592
76667 17886
251524 253076
18386 101024
25298 82410
95605 89048
328991 334249
1183 28665
58279 71918
846202 845029
109758 99479
11019 32617
73534 95159
593102 597271
79780 84700
18292 80474
54547 42605
450550 437345
86335 32779
175191 182370
23694 72106
472517 474278
28289 110225
13052 107056
95445 24798
580310 580446
71219 39329
18538 38058
83758 61116
957957 958861
705817 710612
128568 116525
824266 827018
136860 135639
324516 326810
182628 177745
70184 112478
49711 78533
104856 100952
15394 37061
103974 5366
97792 97354
65111 112966
439587 449727
712495 713310
18186 64047
69691 98601
99196 87657
68441 93281
214073 219237
14552 64031
733568 734758
774114 772916
476276 468977
593734 599389
603900 598326
7021 110853
111709 85300
2281 3831
85220 26169
87225 60901
29801 87374
106847 111987
101437 108249
78650 99122
734475 736342
30337 32610
82724 2883
3463 30483
549200 549045
408265 411928
77178 22027
11867 81170
50126 27159
108620 66700
56682 102906
60106 13383
56392 69554
212582 209145
99883 51012
70601 104763
92884 66359
25342 50878
631430 632349
642859 641020
629145 626694
198133 198101
943215 942115
334574 337649
10411 53050
37060 74387
84593 111885
226858 231553
77455 55036
91496 34576
131651 133609
342225 350846
316128 317158
106310 38478
266414 262318
15375 24573
65847 103845
948424 950766
73609 49956
82772 94468
28661 105725
614296 620871
110848 35031
70373 53367
49948 36092
99452 98514
31673 56366
16040 84386
20844 67889
37281 54593
6500 47142
49630 49133
103019 87263
96270 28844
164588 167013
24995 56743
225165 220588
496183 494281
34475 9724
21164 52431
13770 87359
40412 52543
64994 24907
463043 462270
110904 103851
364026 364659
602751 598484
983212 983145
41675 79791
24774 49226
108862 24299
74624 41844
79764 54817
24427 68414
66695 24354
76664 61753
113117 6778
830237 831911
61913 11661
260195 267565
69552 52757
41009 7922
79838 94627
495180 495926
42678 96108
43473 96317
103638 78692
705862 712966
24576 16100
339110 335916
102361 69385
112358 105440
497344 496122
41612 57364
614582 616453
292396 299912
151972 152083
100995 105841
18760 22772
40752 44937
72174 60318
91099 109515
111356 72947
165591 167095
97377 27612
89597 81915
29037 70266
103452 53877
48179 31837
29462 47360
88006 19231
664597 662313
56311 54945
16383 102671
172237 182911
553698 557521
110601 82211
36004 20081
674082 678852
70308 95395
105578 91770
10323 28246
80745 33779
96680 6620
821857 818374
256231 256652
550450 550746
67469 33639
147303 141478
107836 27731
94902 20870
680863 683036
876218 882730
52570 86564
89758 104167
258545 264047
43634 38671
44263 44945
102016 64610
14465 16324
549630 551281
333650 335077
27588 34410
17029 105778
814013 812856
98588 6401
104666 78576
410853 413843
30402 103012
89749 108135
687 86371
303481 305218
16077 55551
109638 30196
79255 68036
11376 22103
21027 51331
74616 80562
13925 49048
129705 113395
199426 196832
670321 671014
110477 62504
17662 10028
2506 69246
45935 108780
63840 18879
78160 34443
34459 8788
23533 87238
96804 47595
126928 116077
43852 8640
591891 595253
239140 234141
111020 108189
4474 41074
661411 662742
261819 264900
111306 99275
498560 493763
54750 28646
97948 25476
220285 217655
249660 247200
81226 106910
59666 65929
208665 211939
46699 22042
100641 2831
83159 100365
84840 25369
124030 121286
59320 50910
90220 91865
213218 225831
104063 43515
144429 139699
105332 19795
570209 568812
98806 14086
77833 26293
8395 42907
349286 350839
111251 29524
109009 3922
497396 494072
49145 32859
32108 5833
100009 30138
452950 453464
44165 23522
557697 558757
400496 395446
14701 86592
78021 35317
59817 95175
50252 105621
110937 74479
713298 712907
59190 42709
65395 39204
344684 350763
73527 37006
928651 929169
495270 495599
11972 45644
651958 653020
88105 102649
27512 24878
259622 258770
342196 352682
