664 478
268 153
997 500
903 991
253 762
868 590
682 842
409 707
351 87
496 565
485 251
114 564
413 584
22 863
307 388
585 545
417 972
192 572
565 415
178 814
405 537
380 765
193 806
893 509
75 263
514 110
674 280
864 629
212 806
913 886
432 519
492 500
791 569
984 403
218 76
333 882
648 342
150 713
941 560
824 762
591 736
17 339
687 266
74 600
487 899
420 987
207 638
208 631
36 718
794 912
514 972
316 128
561 881
443 185
666 222
677 268
326 259
244 413
14 15
914 37
744 220
859 54
686 951
389 786
418 441
133 903
750 932
815 168
353 31
254 977
246 739
998 650
65 291
306 243
281 79
300 940
713 744
415 878
384 119
560 805
709 803
455 413
581 460
211 271
967 935
394 465
116 932
225 393
355 899
979 531
191 355
100 998
596 905
25 516
322 980
784 305
718 750
929 959
231 300
954 141
325 200
133 349
461 161
61 77
328 817
891 759
477 519
144 992
228 74
56 888
194 269
20 559
519 631
650 668
529 470
389 606
674 573
453 241
319 855
392 515
993 647
885 284
995 472
265 31
919 224
493 321
600 832
464 232
620 120
309 115
440 150
442 698
659 834
690 896
131 978
345 801
86 125
316 231
980 83
26 582
622 900
452 520
471 223
344 916
751 92
960 372
72 910
745 404
20 731
429 155
956 151
276 774
724 762
564 312
894 706
326 590
829 517
741 498
134 302
113 804
177 885
516 793
916 967
418 980
137 936
88 847
341 812
294 83
395 785
211 858
169 9
527 256
754 998
20 987
792 889
494 134
927 688
376 11
992 844
500 794
362 848
380 588
390 422
208 675
253 786
514 419
395 422
422 42
748 150
40 442
295 260
949 535
265 941
505 326
839 976
825 6
313 202
344 925
601 704
210 552
691 573
996 724
486 87
237 138
299 235
496 996
251 595
537 165
210 235
213 44
768 50
971 39
964 83
787 316
587 285
859 716
441 279
85 575
713 646
882 42
39 13
327 98
263 9
244 584
347 473
242 457
216 116
199 214
530 899
186 705
422 119
117 764
59 583
230 203
245 772
504 831
929 3
12 832
136 911
385 974
433 483
599 628
561 368
268 518
224 93
930 173
937 366
668 48
969 996
488 617
450 215
936 993
545 99
12 948
924 681
165 116
744 77
445 483
2 307
119 713
887 945
31 50
816 544
261 699
317 787
721 468
181 486
586 659
327 726
127 317
433 970
766 11
214 897
923 212
645 216
880 761
530 252
515 911
330 347
853 495
964 367
853 295
954 146
592 159
476 1
691 438
450 629
246 458
671 664
599 170
931 36
288 481
112 462
528 522
19 162
529 383
678 983
848 102
262 352
72 441
880 457
805 763
223 50
433 52
940 613
649 33
233 591
772 656
897 65
227 302
404 916
619 475
577 801
872 188
629 558
17 944
709 229
997 541
594 651
265 431
184 254
846 633
9 417
201 619
640 906
543 428
903 45
565 881
70 201
759 438
103 419
367 776
38 531
183 366
516 632
605 167
519 700
837 452
73 247
872 39
187 432
478 416
299 809
11 762
202 88
507 771
267 305
555 875
242 305
656 738
624 758
179 263
434 144
110 17
774 226
659 982
119 961
772 138
900 137
225 502
992 821
845 733
609 261
285 401
858 570
48 661
643 483
346 227
962 78
305 456
440 738
419 964
821 559
696 910
414 441
264 640
374 407
387 828
231 702
991 392
54 808
293 41
986 697
775 639
815 669
127 799
764 974
534 546
458 586
747 949
590 591
717 12
559 684
387 106
498 509
319 380
140 271
687 612
970 845
515 463
42844 291187
83074 694458
16537 749750
95475 886105
87055 517245
46933 203387
76717 369473
71449 899807
51633 181905
12595 89476
40334 5246
69267 702861
22391 466118
109801 723140
36937 176212
92715 515030
57027 635337
10404 134438
20545 962452
35254 175639
45693 177360
102389 485280
10405 414392
40742 576932
110853 798464
25933 567542
48182 776503
20400 761867
110324 806999
52972 907978
89676 702816
4821 479021
16553 660908
67806 751651
38402 662413
20646 617265
102546 820521
12693 900812
103061 516044
92288 345417
93831 172564
60179 118221
60960 697568
60125 705894
58318 393506
96324 1986
106323 551087
100885 948682
33669 637081
77273 349563
36589 141831
73465 653474
68493 97784
58274 711473
15540 574647
39194 928339
5210 998260
98923 724688
97250 955059
15233 228808
78333 558661
109750 959094
18890 740211
2609 835950
33052 122319
577 705198
95100 180752
56315 254913
77498 455575
30224 406571
1578 51688
49949 805844
86090 409881
31608 259983
44348 961117
75336 227713
34346 747996
2413 143735
49446 122996
23093 893911
43555 193610
110789 537875
15011 471988
108436 167104
87880 759176
102847 471993
55616 936995
13545 375018
38095 322577
61474 711819
9293 152203
11311 317681
86732 154751
55525 902613
18748 469511
107566 37268
19588 909840
7145 65894
10776 367932
85758 337803
101779 320879
35653 966382
77828 116045
105289 118958
11650 4813
4554 236523
68409 798720
23232 571421
99351 44030
69098 259629
74675 298970
97700 690868
90096 386245
46160 619049
26614 503966
5717 909696
56951 309264
50625 111130
7867 760095
56891 378137
17754 575072
110220 950333
35960 197275
88843 355675
59749 24200
100948 269052
29682 426406
34874 46186
68330 230889
26838 81034
60491 650499
29524 588110
102335 409425
58410 413483
83603 443535
88368 962838
24284 434690
35059 420810
68468 949133
43094 901680
18271 905994
68828 810709
37767 159064
56621 659257
32275 550541
48579 153219
74664 273637
16396 189215
5792 954776
23628 366788
107405 422728
79641 445329
47011 757005
109233 517794
86142 671035
91235 707882
32797 104413
41256 452046
69953 403898
24200 167637
98634 880005
1182 698095
68182 576391
45373 865115
9683 518418
52258 957889
28535 75737
13614 312770
52787 811973
108325 567291
11602 764244
90881 602653
54700 822176
73613 646341
36201 680209
74420 208925
18132 649039
72970 742268
51830 308536
7826 785009
34883 353495
54548 282306
109281 688733
56263 290385
38548 939846
107185 497921
59225 161261
94550 86955
25279 669480
16357 723718
2404 575684
2503 424111
13918 868073
24148 964361
41354 802174
44559 31974
50707 520681
56954 613312
14809 937766
58485 224328
14233 789783
62157 610114
100164 851235
76272 448689
19946 458776
34462 384612
100706 133462
1536 773391
29736 517717
97671 692351
16308 515534
105977 475563
88876 67016
4783 274042
12575 506778
74341 910805
76476 249030
58915 761813
99392 246400
38511 649392
34005 897115
100338 253844
27236 871137
55522 60524
44858 279194
86711 708748
31851 505610
17071 859354
22286 301598
30600 91614
2420 145973
20319 619145
6275 37546
61724 523679
61961 105667
72543 503328
90506 721281
36864 61771
80944 298613
22252 495479
93118 903579
75857 886741
38079 416951
51883 496022
32081 393699
53877 41132
104722 104262
100457 963084
969 555441
64202 454163
68604 174041
76194 692301
46055 228870
83040 1947
52983 904776
30579 619496
61794 215861
77257 731751
5552 766540
7778 351362
59162 329616
59194 728321
94500 566977
81069 604095
58259 206581
5938 326142
88204 529956
92161 304355
42729 800925
108796 800516
86680 832138
6649 542468
10648 440457
54536 195017
60585 16200
82243 909851
41267 967284
48467 808103
37515 357989
78775 199296
80995 498868
28825 487807
14385 58088
39886 301857
102374 126874
28774 107331
94245 36593
102366 35423
8219 438226
79742 712457
66754 805230
105849 828652
39850 774687
91326 335187
90040 591570
90439 725657
102354 59924
76661 633468
46438 519832
49800 5436
1657 551905
102703 634129
2887 276773
6982 93958
98398 414199
108319 197835
96248 457134
79360 506150
22209 205859
19652 392909
77216 890026
19711 402073
35542 360441
61145 610577
60458 485073
36980 555389
78409 242986
33964 653887
81180 373278
9700 263168
86320 582671
39807 521112
97023 515901
13743 785833
26281 897009
79020 33395
102135 325719
89254 279602
1291 985215
25845 594843
108883 20399
110923 507269
8696 368163
74775 811554
33372 423209
75641 43124
78441 564136
38688 559892
12394 134113
100883 830208
44476 552879
100822 846569
15062 327482
90476 593169
76903 530557
106512 782988
26685 852452
68154 328547
28991 479825
83906 476262
33591 729029
29594 937325
11423 112032
93683 401615
79362 871354
90902 305677
110897 123838
6877 302835
7116 306830
59610 278224
19862 598223
75992 388345
50226 379881
40578 699701
23502 371199
58878 305356
90220 723759
16663 421805
4292 768309
84110 110346
82691 83655
55031 63901
103163 82477
55974 687223
76560 291150
486 740899
18134 540866
101619 368460
68163 360342
23524 323069
72870 272536
107408 860180
18413 385312
42511 346293
81956 648021
23659 307492
38060 901073
94662 967578
99248 252334
57690 887062
72407 134457
78417 947064
51952 271413
76200 624481
58662 412097
17968 877502
29666 90181
100809 680931
96985 562283
99194 143320
9810 39807
480869 18834
95815 53596
748696 27984
511382 52324
99451 94465
825361 19716
563037 69343
375861 54187
305981 60602
64088 5360
938620 73879
823293 63941
886628 22924
387708 17135
556942 83162
101996 53870
207466 54163
898500 97811
66487 72515
183332 26234
445950 82290
551633 8693
662880 25339
402293 27494
632854 85213
275444 66382
830323 71475
110751 98738
115873 16951
716465 14811
768681 89168
259683 34813
48977 92499
965014 74535
600769 15464
314107 48346
673391 63072
88411 65740
309587 52623
337836 7057
473439 58793
546620 13281
228371 20114
53418 57371
188534 60596
49764 69883
104697 73567
966067 25800
500335 53674
785490 47433
112132 17457
180529 15949
481690 85523
638147 85292
792349 7629
766422 92335
621968 82140
602255 13043
486766 50339
710936 72025
458260 91653
665220 77052
619204 62957
232983 31287
78721 19540
736997 34826
667127 7205
492728 33878
219170 65169
972798 47227
139563 11520
793660 39221
568616 77883
128223 12267
84292 55382
247035 55511
632563 42553
621862 28608
59895 51768
887660 71198
422376 54968
362173 41009
574887 89503
754673 71254
18481 94057
321929 43823
983044 74396
952280 31942
544209 68012
639747 96855
952366 44854
203759 3134
831742 1281
869401 41973
713171 91638
62958 73413
414422 51899
257755 41484
829090 5661
816071 28780
772603 63923
38320 38000
769942 72000
340012 6952
103807 30504
975358 79759
382894 72525
190158 79117
521090 14636
622626 59560
332973 50614
918865 1937
143421 63748
769409 76620
705400 88863
852786 1832
239833 78004
266356 7458
914410 26127
356631 6368
586128 34569
623446 48341
27458 85374
700010 13605
873165 64901
331867 38989
40926 22490
986238 50732
943705 699
189562 72000
373832 65457
643461 42348
449807 30017
172497 26169
32538 80569
415139 29128
377470 35018
620392 38585
368542 21280
502533 36754
675743 41707
480550 34400
601485 33021
933720 66788
255140 45190
710647 39634
681983 45325
791694 70461
296630 48142
45063 64191
493320 45520
980538 76554
531492 87142
308422 930
437685 34
658094 27308
161708 29780
862802 38644
121784 79545
341087 96522
436157 76925
38602 51735
438548 34492
798986 30296
310840 51530
97051 44049
336956 20512
707654 77589
194872 68448
768482 32428
376088 32557
262337 26576
565220 37797
333694 25139
438014 87005
580282 74782
242869 90523
25015 35236
481884 81417
449299 40353
700754 92724
113236 46350
140292 37710
906158 37242
386023 35164
967721 74641
617569 62111
816260 46410
387902 82790
386147 49955
341089 25916
216439 82781
618017 83958
265375 57806
614511 99901
408978 14674
777377 15265
352976 38566
892161 17669
