1 10
100 200
201 210
900 1000
16 41
24 64
79 86
58 30
87 28
48 90
75 57
38 2
28 98
45 47
84 54
92 18
94 91
36 7
4 21
2 77
43 93
85 33
84 65
39 88
96 51
17 48
10 66
11 18
40 8
13 9
100 83
22 75
58 85
92 70
32 42
52 88
25 61
51 96
21 67
49 67
34 10
8 36
74 62
50 17
14 35
89 33
54 37
54 86
13 87
33 56
14 21
44 5
60 18
3 95
34 48
63 70
42 94
58 26
42 9
26 53
54 93
88 88
98 48
85 88
36 45
40 92
78 79
12 76
87 43
62 21
93 45
79 75
90 6
72 6
68 10
72 73
65 52
61 52
34 79
2 95
73 71
56 78
34 32
31 5
31 28
94 67
15 47
13 96
32 52
41 62
53 30
13 93
81 59
67 13
53 95
78 76
50 34
31 25
75 27
63 3
88 19
30 10
27 9
85 37
72 34
58 67
8 80
90 91
88 6
5 44
78 24
57 20
89 90
39 36
51 13
45 53
94 76
30 8
60 26
26 20
72 2
97 51
61 58
61 8
55 93
54 48
8 25
11 5
57 100
36 73
96 4
78 69
58 29
94 22
6 5
61 31
89 11
82 95
80 12
89 46
29 50
1 29
45 93
58 75
92 62
71 67
30 25
1 56
29 27
18 26
35 36
37 49
89 94
66 88
3 91
25 24
50 28
2 15
8 73
26 10
21 60
33 55
80 33
3 31
10 22
80 78
94 68
66 34
82 87
49 92
22 79
16 74
42 67
23 25
65 5
98 6
1 14
6 8
46 75
21 77
35 72
64 57
45 85
24 98
73 92
8 3
53 59
28 21
31 83
60 42
2 32
92 27
21 14
82 100
26 66
26 75
86 62
21 70
32 83
56 23
1 1
97 44
63 94
79 43
70 72
49 61
99 91
65 40
14 98
88 20
93 6
14 22
25 13
89 19
59 98
20 48
34 49
70 89
38 61
94 10
62 15
54 49
40 100
81 74
28 77
48 30
95 69
61 34
27 5
100 57
60 38
17 47
22 66
36 43
89 98
90 25
72 96
41 87
44 28
58 19
1 76
53 36
44 75
24 19
14 32
76 14
62 13
27 50
58 29
48 35
25 71
20 77
87 9
52 56
434 768
110 786
757 132
897 182
715 488
71 72
709 98
148 554
842 158
999 191
467 472
805 846
85 999
301 201
481 865
96 574
769 557
856 539
466 978
298 26
142 588
936 42
279 747
218 975
484 564
134 309
217 373
368 867
481 295
429 416
767 58
439 11
961 16
719 115
638 453
222 332
436 895
399 338
568 463
813 339
386 933
875 522
870 417
605 341
260 498
800 483
152 256
765 717
702 89
331 362
739 221
342 613
648 589
483 547
80 49
47 700
396 703
586 429
444 617
441 125
371 612
519 537
382 839
265 339
819 589
245 766
388 924
796 88
665 571
886 151
671 661
839 55
564 759
834 730
705 579
231 610
665 93
827 858
821 231
637 199
357 94
187 824
146 730
382 28
358 659
901 140
490 55
586 732
215 854
721 813
391 474
805 963
127 528
357 728
527 149
609 420
479 572
480 378
374 408
510 134
118 363
594 886
89 311
820 977
262 174
542 823
12 362
815 380
145 902
46 995
351 877
500 185
718 939
450 624
879 364
284 336
885 138
353 759
675 567
329 301
89 202
988 914
259 398
402 565
203 164
953 524
491 301
646 362
100 421
519 130
813 862
422 865
162 891
424 864
315 929
951 611
762 328
316 501
460 425
390 552
220 124
411 501
438 250
823 737
53 963
57 331
748 510
198 207
657 310
570 201
142 549
400 276
181 317
252 537
370 448
617 592
245 294
773 50
650 440
456 428
691 828
549 7
384 310
362 844
904 648
789 856
491 605
711 895
982 683
26 452
737 122
881 626
775 208
846 352
917 762
523 388
830 559
602 558
89 442
756 972
453 668
794 346
696 849
727 634
894 253
775 150
570 326
334 631
666 340
610 572
215 225
527 40
528 577
943 868
638 208
792 392
596 429
592 253
294 990
1 801
145 483
677 548
575 464
510 481
547 386
145 214
84 107
22 450
586 775
355 560
370 300
717 569
921 745
662 284
361 196
483 181
331 28
665 556
758 854
339 386
678 113
484 591
370 412
285 460
802 891
743 125
177 509
387 305
972 330
442 663
305 901
522 118
787 485
605 792
431 139
711 789
988 21
329 171
879 265
421 474
871 390
798 886
992 297
920 444
312 358
608 599
618 447
942 816
786 458
487 377
899384 346611
949665 644646
408710 692299
631204 745471
735602 416103
94259 976170
74201 840067
751814 678944
301601 275865
835243 189247
352692 132921
298009 692606
654310 951157
339051 197023
834305 111978
146620 369697
296035 491609
346688 382381
595032 875328
835721 632322
56084 244435
810248 704754
879696 874335
517342 521923
649679 144252
540443 289857
645964 516588
758786 614755
776551 876606
219695 429781
248953 242418
546417 946389
726197 74729
840728 940504
920627 789231
598285 943301
668995 835584
94593 140333
602988 394231
932649 886249
465530 104962
35853 267003
830377 525152
559502 705357
947373 110566
831983 108654
603308 838392
904416 35743
335089 936840
515900 971934
675689 714319
74240 398749
204067 96637
91752 776043
61526 21429
610270 417088
294274 67067
405293 994459
549688 171334
986980 255975
316478 694536
656385 195399
418183 927420
233845 504121
320780 868127
987101 228925
547914 264687
760155 57900
716193 320002
301285 556653
223477 80618
800637 468032
704345 969015
779546 713142
210831 959888
460608 188132
560765 263456
979850 356151
620841 626402
15100 116482
156700 643965
162837 828418
856038 192785
463963 629175
532196 893280
891859 924430
541176 284454
846612 41611
928291 993294
277067 55582
449335 504753
912154 34537
940521 118605
572211 205475
976114 393779
810827 60639
582869 806967
657647 477492
316176 29339
404729 543154
997376 796799
747801 540339
906673 18815
886648 863102
592066 315889
703001 353653
253789 650064
381659 223680
808388 164897
932542 876372
769272 145859
287019 512361
391767 875331
179303 129496
108210 910536
746993 68325
75673 459740
103536 791664
205231 13615
427146 779439
524931 937729
964747 538012
93090 176799
298514 739241
129399 343716
457168 509913
632195 748125
82855 973090
214906 524425
273199 686958
168888 106774
580946 471307
18581 311604
434766 120872
897555 833261
820178 401067
950808 694891
337388 247470
89386 593504
455753 185221
354849 343438
882509 399445
268090 353221
335405 269354
36131 651474
230457 605673
337886 91014
568804 299225
355520 318708
63220 704159
789859 664765
895542 71203
10557 391512
662790 250850
316105 546604
775479 877872
422773 906592
841943 263542
869295 844126
531203 566130
266886 814610
903509 181930
387417 84828
992702 489533
68820 991628
607331 659313
915761 192149
197338 764061
195704 676651
863740 743214
14624 347962
12488 152072
236572 273067
584344 257610
373762 572470
23069 122024
288682 561452
156535 839944
636156 507438
370489 659060
349398 991809
154421 912802
302885 460962
34080 219172
671093 509680
475250 211802
891442 901525
928397 208701
73507 614011
451781 903206
278552 206616
850475 670488
718724 685892
378015 534194
547204 645696
104130 803854
299265 745344
885020 864199
917784 685556
854697 190656
974193 815197
950519 763810
824508 210286
812519 317195
686477 44080
851781 891691
887150 213239
109490 450406
66956 815285
344217 899425
503436 437434
307706 296667
614667 623921
306221 201099
442508 725134
410972 652953
52723 656076
896598 933539
264974 698061
814331 647507
558267 8896
712634 593175
693040 290004
914712 834780
568731 643726
74318 881670
74439 933150
145095 948216
755982 409755
985161 904822
343999 592126
404521 347350
315428 778092
821747 918816
850282 201037
594695 281732
542011 707824
318642 670380
840665 111673
804961 84463
793273 106479
637684 819282
703600 491923
386859 37803
472989 539395
955185 231644
536248 65875
594849 239086
324506 418653
611428 292224
875171 372270
939207 60177
351261 953364
510143 437515
261883 708885
849007 131830
237121 285801
33449 839583
641031 768555
939760 817149
859600 443798
805564 267610
400418 453067
700831 69906
162853 232765
826764 138043
494387 937509
620084 974594
921561 983177
588572 281726
537411 570431
110103 955859
705657 811873
585185 395733
648760 558710
727845 552523
702771 307553
124715 573217
393162 344897
643381 426006
547988 583641
920834 196952
907517 898390
952528 526819
323103 242350
970727 126800
709890 645024
23719 986686
704715 13038
9877 238537
965936 690224
641918 764998
259665 22687
601861 19128
473926 669207
349316 487665
648292 22810
818921 105740
719254 841792
751174 239709
167269 322505
709806 321553
663566 293219
211109 44496
374859 302755
126706 484556
923221 615174
967188 422832
213188 775096
290722 859328
603827 887874
206956 420561
493824 109178
159262 839504
988707 177077
223326 393223
637695 849564
867497 681011
479620 952087
322629 7108
398271 205040
838652 326783
608880 211527
775707 144435
882264 496278
744250 489593
498365 8002
536154 127149
911990 830276
230118 845475
29824 178072
143315 620336
209607 188776
264513 862243
785970 936796
125891 897900
232659 688760
838224 698432
884508 317003
583875 711111
858221 855627
24077 532384
640272 852914
411154 195753
876836 415945
633949 724412
518525 739831
211776 481308
490951 975523
89224 476178
758002 521496
862427 540405
924206 245567
287743 212928
891503 645981
993921 878984
201621 125127
226308 115147
359315 35245
698605 986489
980859 977544
518958 121929
44719 389941
196514 724262
27703 626990
16021 395985
207192 677872
460327 535446
62047 787789
32570 870045
582166 38212
246070 888629
195113 677159
462031 22093
685028 181790
304933 903893
138940 531319
306860 103507
532607 52080
402237 354623
100025 911996
938192 917473
729352 41824
865434 176354
781757 355684
458086 178760
945121 580413
307808 108551
87208 648415
240982 113109
266078 406272
666116 928917
275136 493940
542115 643027
106121 156151
820795 236720
642333 432617
683477 307659
846753 291098
78609 590010
44583 46488
2051 616239
216712 40283
762241 838333
341286 46564
107895 733833
159404 227886
258035 145544
603367 630002
244232 69267
537152 859417
295802 822389
667076 535177
48716 90267
40816 126687
292665 69954
277963 576060
567689 188596
736668 733556
535960 765786
870233 351815
101682 93064
341765 425303
483784 430366
518873 144756
768697 170907
480053 246853
885832 187299
878734 736345
233684 15906
169738 848839
193549 43577
534498 288429
22771 421523
869876 852054
856136 513975
817436 973005
714147 340001
419248 205020
46138 683318
729405 902291
433320 195611
129923 303952
860911 930061
762925 953299
830965 247120
470740 897879
559783 491932
427440 538749
762936 214348
646907 558078
926816 197981
157509 764210
683763 391727
470782 715539
698594 459584
418475 45738
653658 139525
547845 597513
98034 582490
942839 304305
738333 358429
415162 587644
690895 203327
932834 769065
686875 224434
620866 631632
791164 85072
345487 784478
263415 34679
210995 764900
73409 527394
645983 164855
361086 549052
50460 545880
952016 898961
586942 842450
174747 995089
20423 456696
628668 405734
398166 396755
330830 646297
516512 503576
73558 297925
468922 914531
992809 521781
982773 223512
868040 599093
650759 750374
216417 637786
150832 351722
724312 624308
218519 993141
113687 102956
944175 319574
363946 65386
