75369 25098
35699 72115
13491 2278
88459 52967
22335 36896
96432 74628
55819 93267
51087 60150
71760 68495
56988 98052
6618 79915
55497 62877
86976 46727
4593 23953
2 93211
85266 1099
21055 87024
19814 62485
44870 36576
87488 31095
89657 25074
74717 46802
57740 53480
70423 94483
12136 61280
16769 83759
2790 49235
94515 2367
37784 45529
25039 86678
23483 20412
99519 77970
52816 89689
6350 60911
9263 35184
458 45373
84648 98826
45268 30653
72182 69274
82195 25893
84120 55595
74904 48915
62350 28724
51439 62873
35342 90776
35819 30081
53970 87534
77201 18440
54915 74437
97127 15831
17647 84693
91176 86385
82949 3747
89570 16792
2109 74484
28653 83882
1716 60044
23745 65901
94202 59000
42218 75562
13935 40265
67547 74287
86925 7174
58289 14881
83727 69088
22609 66745
84342 44764
56173 48611
74544 37521
93056 47647
1422 139
92096 84968
63098 38819
11964 67368
87444 57353
35236 26199
47255 85761
59757 28777
60695 84981
23978 84817
9676 8428
94564 62652
37538 84647
71576 52933
65795 38732
1104 43785
52463 95205
16712 78401
82575 68469
95745 73557
55930 18687
70222 68727
34254 77444
86326 82853
22459 4224
67826 57610
79990 65388
70000 22579
86530 47317
24884 3244
82522 78681
87713 89263
35677 46078
49674 84329
17577 68855
3076 10404
49848 73542
70278 16230
13473 87266
833 24034
88211 70487
67867 94808
17791 65693
23641 55790
77023 37471
35279 74446
70420 99384
5572 87163
93101 97443
64860 27078
74225 71580
14832 68944
28547 64440
84727 3503
30778 66095
39536 14627
25036 93676
35730 60684
21774 67409
24245 83701
96741 91347
65211 68563
77337 1413
22175 75174
57451 85710
32437 60856
95196 81800
37767 1284
19563 18659
97455 33402
16393 66385
44282 77051
7181 96155
47522 99830
69238 22938
66300 21441
88283 16206
81161 1225
98869 91691
77739 44340
2639 33417
30638 3380
59122 71119
54914 84460
66525 46767
59687 75627
14311 25631
89839 70345
55060 31573
91134 5342
26117 72924
99143 74942
46303 45625
18433 63668
72834 47154
95182 24262
18450 42362
43834 28922
48471 43647
61469 68708
29240 90802
48864 21654
88015 54733
10954 8390
20445 76634
68696 80254
53929 16215
83835 63679
34724 37878
95137 61944
4066 52150
92685 11872
14087 42377
96394 9686
36409 158
23886 98971
39658 4570
17943 5908
39197 67978
60433 16134
35369 39960
2657 9778
50363 64920
88906 19525
75487 62496
97234 57187
37051 11296
14326 73052
6469 90982
18623 88993
48515 55205
78670 34641
10032 30399
50591 29905
21945 30702
60557 88160
13639 51298
9819 79973
46363 8525
33027 70850
90332 77738
19128 57520
86534 29696
16478 14429
95968 95679
82492 3817
3076 72543
40575 29753
56535 8042
34425 85616
36958 75173
65312 57615
16057 87009
32197 27438
70847 76916
26142 22971
93902 62235
68928 11041
75541 62210
46715 88611
27944 27554
16274 84892
80446 39692
97294 36976
35693 26805
32726 28598
94635 47977
82956 28091
21442 22714
49625 35423
58140 92250
38355 76997
94095 4543
88891 22796
71766 49273
77461 15404
88484 23494
54934 66812
10387 27814
60367 79490
55864 16224
47602 23756
91164 38396
2001 62690
8164 36006
95994 47159
96425 19739
47065 65263
22531 79862
80900 478
77182 75967
78932 70475
31751 46725
56643 2287
48047 4553
15361 93450
74931 186
48636 87675
87505 5303
58325 28617
61686 49137
29635 33035
39122 87061
65052 4946
79659 31484
80121 36891
96826 30460
40444 49577
28739 29569
8256 72561
22151 10951
62276 51126
46451 62986
79168 16375
40770 31855
38720 79766
32005 62164
8329 34557
90265 43129
79805 94851
77008 6394
53926 88142
34202 59075
4409 47042
41236 60701
23485 9452
98432 18951
81854 74830
25406 11836
15281 23427
18286 44686
31944 60834
24511 5866
78071 15374
40037 12045
34416 44229
93042 34984
95764 68404
11636 87742
8291 23628
30002 28048
76867 85879
7846 73177
11259 4947
28820 44889
35397 10321
65079 88520
30017 83428
47146 11719
19666 9279
93473 72619
46313 84106
60176 5358
3922 93597
98080 26281
53060 40817
61521 19980
63412 92472
57032 59093
20091 32114
49576 62548
95791 39765
53018 31265
77041 56700
30373 75046
2651 28486
76943 93704
53752 77681
65399 28517
69012 2257
41667 32644
92393 58900
83025 41736
7843 75239
43986 22432
35180 36729
51693 70468
10327 95450
97186 51125
7637 76171
4447 8639
56669 56079
30391 54652
93751 13231
35255 10950
59160 97695
36286 60022
35580 34488
68443 76349
79318 59306
88956 55414
18894 66007
45407 66240
29684 51160
80518 14817
20107 47887
88898 83121
57591 97724
77340 95007
1388 22665
61031 58500
80929 68387
99325 90491
24378 8415
26230 82010
62156 20951
43949 93847
56831 71543
43715 91188
97218 65704
72253 97384
12640 97368
39329 3615
23644 18575
55110 16337
26725 9214
61491 14240
4924 75407
37662 51525
9769 19675
38744 53125
19234 11673
77065 48000
32041 4652
98714 31824
5332 21235
74872 46320
13824 86281
46796 735
46509 5417
61125 46271
40121 47548
19847 47824
86342 5313
3562 19047
63266 9737
23097 77395
24175 91182
69443 63537
68205 51989
86422 87433
61443 7593
77631 27692
96388 14907
13722 90879
99442 60826
60478 34486
34954 46238
24243 91638
64011 90087
66475 50151
41323 19911
89525 77833
53240 45414
13651 17276
46560 95977
63968 79918
67288 22392
19392 22971
85280 85532
56802 10479
46334 56572
3199 51309
38929 76243
9087 48641
21366 31909
7731 55573
17289 38679
69062 23165
19390 13455
43839 75974
85398 48492
29480 29758
62026 24575
70840 87660
69157 64451
25828 47095
82011 4193
81524 91662
29210 21341
87111 7596
18501 42799
84302 81604
33471 35687
51532 96564
99042 46305
21594 76135
92270 15743
142 61432
64854 50498
99414 47839
65812 71859
9100 23309
86282 19860
44729 14625
49723 88187
62066 75790
79787 67872
29316 98770
94143 78680
99220 73211
1019 54357
59925 27465
59596 10849
26944 7980
8049 29267
80206 38298
84617 90581
82369 78467
42203 5407
33738 35120
85495 38319
32141 32962
66350 90490
93977 46769
18058 24336
4900 82749
88776 6899
29556 96919
86167 49785
1008 77983
89700 88226
36370 11585
49302 9096
63568 62785
48897 50220
92467 77852
65754 32978
86811 76092
63707 48609
47489 72342
32909 31406
91499 93368
84234 93732
29947 3641
42071 35424
42394 55728
70088 17295
19128 82253
51751 63163
24860 29335
31615 30129
20211 83350
44271 99882
75242 98207
67066 91616
4570 96821
28286 61571
49750 61610
4678 45231
62827 60447
92477 18554
8097 23365
34538 3240
3463 62216
11930 45790
57287 64978
32514 99530
73098 90053
88263 79839
68098 65474
3011 29188
83332 17020
11205 55814
57875 96368
55660 34703
97066 46428
58469 6592
42112 89642
26519 89808
50008 17500
35831 8372
11939 92588
79500 87932
224 34519
91336 28270
63295 87869
41405 94009
5631 42171
26496 78279
58437 75841
35789 18984
42429 66498
30341 16273
24493 14070
47239 7817
16639 29904
40164 43966
27703 26023
75191 49326
69250 54258
21592 56183
92584 67959
56509 82734
67099 90839
73399 82475
57647 58458
58101 81555
28496 54843
83913 80432
23094 70613
58453 64047
49042 59870
74043 14973
82354 48558
84118 95752
19272 9716
93761 47295
39074 30461
66524 77803
62493 23862
40205 38556
69031 79756
56727 13880
25453 79139
30155 98764
57081 67457
79401 67150
53992 47244
74424 42714
69622 65316
7086 84755
37158 81255
76529 66760
54564 89495
80919 74085
34931 77666
21281 69132
78549 44263
89943 52462
43455 74851
60379 83077
9940 86080
12537 12342
26028 73851
25960 2045
60191 18529
46335 76167
40955 38492
70662 59863
95238 43438
93206 39606
19803 73024
53189 66387
41274 61878
55108 27534
94055 94111
18373 59320
27653 42386
23982 89278
49406 96967
53570 23647
74881 3382
45083 64011
19774 59043
2130 95515
57174 13847
15499 48077
99820 44370
52356 58109
66527 53706
26590 14264
63207 70875
81903 10905
92969 68181
5996 82776
86462 18010
66260 35359
15158 40326
97669 10747
27516 71814
86038 19924
69578 99198
84105 51921
73907 31770
45231 27407
80368 82171
12993 55173
19723 94256
90339 12812
5054 54075
47353 56266
68866 22105
8049 90996
93038 1154
47868 22594
67120 83714
52353 55059
68670 99312
34523 6900
18036 39245
93618 8983
83951 10174
62944 25502
2324 18344
95464 12377
21405 86144
26134 1508
41261 32688
98513 38199
37510 85139
77007 48441
21218 10691
89241 73281
68690 73752
80456 51024
39707 42945
59290 51862
95621 78140
71012 43175
48544 86595
84990 48670
12583 11026
23234 97642
7810 50791
28295 20573
87544 14949
94060 18816
53110 45406
81183 37999
86931 51734
21830 88290
63777 65686
23361 52287
88887 3723
44958 14296
55409 25708
2686 4748
24986 34142
25276 56710
18331 22136
97387 11446
14839 43208
88944 95625
61578 96231
91318 92848
53123 76019
90838 33085
39534 81129
44953 79667
34337 12168
13533 97672
2180 41265
94382 78301
63843 33595
48253 5089
70126 2738
21188 76551
6542 52253
94181 68383
59194 22486
72570 90329
65423 57906
86588 6197
18500 10920
41630 5689
23618 82952
95612 17664
78270 23282
50610 19194
43855 33775
3764 84401
96208 58701
19740 14093
84101 77333
50186 61190
17265 54778
15584 82754
44564 66195
47775 38335
26902 38683
88906 87087
90963 47299
49266 82224
26441 12096
48501 31160
33446 54221
12576 48968
16021 17739
48137 50340
28919 63385
91689 26606
81081 77603
72244 85654
87810 14471
80943 72043
2473 82969
35141 37786
57202 61522
89565 30117
91141 95365
63721 74419
13476 85227
74598 68894
78939 21867
63325 73230
57899 98472
4809 63079
6016 77857
96842 23702
21074 41953
86399 57296
65293 60450
74887 74877
84087 51490
12935 96097
55549 45239
34892 12260
9354 5686
78767 76519
84100 58433
65040 60872
98421 7394
78649 86263
69291 94974
47969 55481
24227 99053
39694 92312
53998 62282
51444 27387
10713 79705
82835 65873
10357 99388
51204 11700
31213 73465
76745 91906
25994 72129
780 15070
33409 9156
7352 56888
83429 4012
29289 60578
14179 66912
84559 98452
41801 72904
44458 5073
15073 63292
55986 41637
64431 89651
79754 34954
73685 71843
89123 18285
49351 75518
97077 63153
33008 60209
86665 96523
58766 6736
97441 53337
55370 75241
94223 73323
44482 15808
33525 37409
16283 14616
63539 70752
1064 720
28863 84967
31152 95472
56265 16528
10657 46950
88837 24416
48971 62565
81175 5700
40012 55663
88617 90907
47201 20141
11173 31173
82616 82148
79845 32218
42358 6196
31760 59459
82457 3031
24493 15150
91767 98788
7830 49597
8518 40809
95160 32069
62654 90652
92453 3910
13130 46721
38855 74967
59086 27021
55288 15086
94341 32118
57274 10855
5643 58264
85288 61490
12612 62521
63090 26172
60781 70159
63126 52820
80252 71330
39017 32597
42513 16069
38260 25178
45836 64030
16617 48758
62656 47511
70039 69879
76775 59967
68430 23671
3404 44215
2698 79317
29251 64980
90296 93975
36029 55678
44786 7119
27969 82151
41036 81034
61611 85076
45471 74909
91000 13524
75696 72961
91370 20659
50847 46394
10977 38183
43197 54817
19679 64482
74823 40325
957 30057
49687 5056
92511 55497
75433 51887
64023 50050
23126 40240
18235 59987
94457 63507
77895 22495
26788 84105
70684 35118
64699 6879
1746 58322
48882 74327
85279 12733
88805 71794
58726 39862
50992 15512
25557 56000
1484 87020
39199 73387
73421 35694
49510 53682
30393 53458
86542 60974
90000 59426
22431 55637
5146 88380
8380 38195
96569 6146
26257 16879
41502 38026
745 77445
74326 4616
90254 74922
6338 8182
90255 28763
80648 68495
61938 28033
79197 76794
15287 62027
5432 22833
72739 77127
58738 26827
43465 32106
18739 96619
56713 71391
84981 15665
91190 26654
81125 45741
72893 55101
37914 78024
96785 12362
3223 62673
47521 45060
17636 26637
26088 51094
51268 17935
1199 36637
39848 73108
28612 87243
69657 45761
6890 12459
15241 65171
98231 81865
7872 64387
31048 84981
11771 16865
51062 29322
54565 45111
71012 42579
67230 58493
69236 848
778 62591
93526 39097
97542 29459
52241 90337
37455 18749
95583 90826
72761 26696
47287 11701
85719 27389
40085 61352
81750 69685
63783 20986
49763 39578
28960 68998
56136 12450
92183 28083
6007 16298
48298 87774
83421 64023
84308 99842
91768 7416
11256 59889
92702 65282
59251 7018
97141 72398
14726 51227
93646 92613
42406 53974
15227 39165
12861 81991
71838 71710
14992 9744
67161 9908
67987 15720
5321 87152
52680 82214
50475 37972
37461 62464
27546 47900
