33246 102837
84128 75582
58956 43179
26873 15367
21445 1403
28865 73640
15912 59993
62104 60096
96720 43640
97385 57167
72891 37005
56648 96171
92500 15338
25222 11644
100863 72616
43577 29109
70452 22704
104690 24408
65883 26562
39775 87327
27965 68639
55967 43876
23632 13070
103972 15352
56709 96357
72518 24600
28361 24165
15770 15860
39503 40991
27504 35365
8607 71080
64474 79058
93783 64163
103466 54666
90725 38240
36992 13689
1878 92959
57565 25510
1028 56536
40861 57737
47892 8378
82337 76253
32543 98106
92113 72045
34097 14616
2410 42704
85696 66883
16762 74479
26046 15227
24144 11770
53466 61136
25458 55344
49094 83022
80853 50122
34558 16714
2859 82450
25092 85195
53703 57634
78300 40815
24679 7397
55430 27089
50100 36125
93972 66861
5604 15017
82088 29747
26787 30553
90882 52245
85896 34975
30267 61749
85097 64824
78463 87955
42274 103554
68149 95976
56188 41449
31790 80866
48846 87220
2954 98946
18345 96926
60806 23948
6942 37894
53694 33728
68446 39576
85973 49342
74550 11239
6091 54647
76062 84553
37601 13335
83106 750
4310 34293
42198 36100
10159 91044
18319 13113
84989 36664
5038 40795
60611 11980
78688 9305
45708 42133
48880 26680
91475 18430
37918 97565
73076 8980
77118 5676
22314 55224
6426 26624
89517 48623
62724 99675
34667 81043
7788 14655
12706 12825
55449 73316
24805 29136
82620 70512
71269 26500
97191 57743
44929 30109
50308 13004
39088 22426
18680 61402
77649 25105
88026 62165
73728 45749
56840 3394
21791 64627
18048 34496
77452 73496
2812 102256
102632 85432
67767 68900
6931 59958
21643 51859
90066 71951
64862 24154
94377 83541
85555 67025
3646 68580
24190 77373
9328 81029
80767 31119
40655 98814
65614 13106
67310 68426
10361 64942
48857 78128
28841 55787
33086 50484
2645 18151
17435 67507
42305 6811
46048 22859
73835 49693
91438 98025
22066 100766
74053 102832
26884 9708
96646 92498
22813 58956
55923 33174
18897 104779
6302 47738
55566 39387
98221 58211
57538 10656
20718 99842
17466 66765
17701 91300
11458 4138
84324 33524
104904 53377
31356 26787
63084 23002
14284 85897
81958 70207
14071 100854
69986 20373
43592 20551
59759 36813
78762 12297
47468 99479
7139 64933
61244 24839
51233 72702
28976 30557
1225 28880
83933 32581
55666 42017
55582 69950
22913 32539
35157 36984
28393 142
57356 71984
20693 12115
3797 99455
24411 51264
93933 31549
11197 50177
56387 62429
17878 85363
92985 19103
9242 71918
51683 64908
8934 2265
29858 31847
34803 65014
68831 63195
65156 21186
30179 85849
33301 33975
80303 57711
85239 69236
89260 96435
14412 40647
53864 32290
21009 41849
51392 30251
8766 103075
95159 17700
339 20016
49547 35141
85030 13377
98336 45186
34563 23515
26034 67863
57490 1336
20574 37728
70571 4833
29163 84983
45479 83026
12272 66488
19874 63664
96739 28640
61738 86897
46339 62076
1913 95885
97217 86942
4262 90552
27128 38824
9067 53161
1687 66556
54497 22260
104284 20068
27093 28447
50 72571
6473 12322
34059 26347
75985 25797
54986 32722
7693 101325
94798 9605
92210 87014
96547 96472
72566 18674
30295 81632
71835 31982
43188 21331
54241 42472
41399 81334
70919 41448
48904 77391
53770 82963
103737 24754
3759 53723
57476 11451
50048 47273
21056 37258
29287 12603
28729 101852
31277 59023
78484 103111
91005 16672
19442 40246
59143 60841
16579 25062
102289 65483
102452 51058
43445 101189
75811 47203
49912 28287
58654 99959
75559 79710
32216 104845
92312 60944
101697 18589
14967 75180
16700 972
91852 36142
41217 45995
96982 57795
71056 94270
18277 68507
40327 61722
64696 11138
3925 9607
39424 62579
4565 9983
37288 36781
9827 24600
97725 6524
43188 7692
81703 59887
8663 68555
96029 49879
9549 88010
2674 80604
77279 20950
44110 12606
82672 3805
23743 86596
13412 63166
44174 17977
73148 81462
54757 82975
1061 47482
89498 44249
55173 66201
104136 63835
29755 95164
8714 39303
78173 11387
14906 50452
32337 59016
63057 10008
62821 86799
96603 76232
44965 35777
94208 13113
12238 43965
96087 13298
91446 80585
57547 41618
41785 56682
453 71540
46845 9166
5842 20018
20552 20748
70469 52888
79763 28526
62895 37583
10325 54498
8815 55289
90274 103022
68402 102511
41986 59488
10809 28432
35073 68355
70050 76857
20037 70502
43397 66882
79668 49238
86900 100219
69986 52369
48107 44748
80894 6002
82331 91218
60499 91145
41507 45773
89167 4908
43284 26152
64396 54093
54584 99468
17448 19633
71325 37484
90134 9721
104366 64801
58959 86265
60020 23944
33633 3126
68692 9526
9127 46022
100744 69626
32167 37250
10399 16333
42157 53682
42485 1552
2775 97068
101020 20222
11700 67344
57706 101833
77064 57071
61634 31022
38336 16653
54965 71968
19779 18656
81494 28906
64678 77237
98531 96844
9487 3930
8176 51644
57612 50660
53195 60386
42727 49214
80608 54426
11557 33313
51259 88621
90384 7892
14642 23719
24545 69607
95687 44323
88263 72180
73229 47940
44417 66759
39784 53903
70689 47959
546 23300
98619 53741
83685 36346
102955 59292
90771 9512
92605 37030
98132 77988
44922 7774
101707 69466
77381 92393
8789 60643
59573 82017
3583 103989
43776 43366
52892 9464
91325 53437
32763 84943
2177 11448
16288 132
70740 2059
9643 58345
39088 2774
31333 84009
10548 28039
48475 87928
15432 57264
43570 75004
34280 47152
73993 78056
90518 21884
87520 76842
75321 15283
56785 77498
26730 73072
77629 97470
75131 87271
50814 9218
90044 82146
93227 100591
5185 36702
83519 20616
93965 22088
95620 23245
69240 64613
101300 54758
86496 83819
26599 56817
99101 83383
29314 20831
51455 1942
13301 21585
89212 64114
30803 74256
41260 19029
69847 46444
55730 48365
67060 44694
70453 57680
67939 34693
17292 64238
89450 103788
43057 11049
55604 37158
94432 84917
57989 40887
86858 71289
62471 71070
30403 93274
40325 71662
7302 5172
13106 63032
53536 80165
2726 18989
32845 70664
53681 50136
29902 38131
48924 72958
49179 104527
5115 38610
84444 63103
79496 66301
29391 36967
32371 59793
25240 72696
26455 32542
77867 39560
95573 26403
14725 98299
45391 47569
63962 99072
97705 93863
32202 41628
61821 81381
41154 66936
14990 20597
25038 94486
86898 54429
26453 14269
9222 51693
86964 35677
84234 59831
75236 74807
86233 89961
68105 26624
32529 27067
20695 25233
15930 52897
66860 77750
29277 3014
39686 44267
23611 64723
33753 5508
14152 60205
19776 23374
6897 1740
59050 91131
61570 29286
60937 42803
14246 24042
69426 46775
51108 90121
72008 67038
38018 33868
39787 67294
36881 79473
6561 60492
39195 40313
65999 53347
100518 85775
76720 2415
87515 30770
93545 44084
60055 49481
86887 74301
73522 51312
16075 19630
36433 88083
86667 74450
16950 21454
36744 53831
100926 43304
9322 35121
83616 75321
88467 79133
56095 60187
81547 38610
90957 70092
82694 46012
14572 64580
15312 88094
10891 31387
2723 47324
14469 89390
16773 31419
5843 53516
85249 1768
96819 94570
36889 75435
64890 20356
49568 15985
80542 26114
54594 66499
96206 32287
7510 5777
96867 22822
93871 2758
54209 96594
50081 68678
80983 66853
100096 86825
15369 80344
88593 7188
69914 20482
82622 29803
40837 27189
45788 16379
53303 100382
82877 44508
27669 90387
50285 19535
8208 39155
22292 62416
30749 72372
26094 6731
34225 21189
93556 49594
101533 77149
56781 66447
97630 34403
96250 33466
61592 37037
49844 9895
32418 27721
54403 60086
13107 104688
79620 21315
38843 101912
83731 69591
69283 4824
76321 103508
26013 64877
48101 22546
37025 104882
88992 29655
34285 80241
63120 95876
12277 7964
771 44695
35685 55174
104780 48791
54861 79400
70105 93703
76311 48835
58294 40594
53659 29614
39101 79671
94491 87202
102216 26515
87084 86207
56170 16368
61448 14290
7244 73725
22253 8015
13419 57938
63188 13199
1728 13048
92598 71833
1751 63909
15668 60044
104503 69326
89658 38603
43996 79148
20805 41212
663 2889
22419 56832
19256 83866
71121 26500
52590 93374
34514 66009
46311 97702
79207 48039
5749 66805
14872 7500
25714 30539
67543 25216
99865 52201
63819 38860
26348 84623
80072 27011
87512 102490
83843 1768
81355 49964
28267 28945
38338 62781
94953 84649
55482 69160
27687 61231
30964 42559
68730 56678
73097 31273
81893 67962
83473 40711
1821 4821
20334 81893
31831 2845
79382 10674
4613 55737
60637 32879
84681 98974
95660 74634
78622 46142
38793 1309
2372 69757
43867 71102
21435 11964
102374 103327
79925 80847
39037 81746
85667 59371
58638 12497
62216 33020
23170 66828
88756 83807
99707 68437
77780 90366
38071 51401
31508 76863
52710 33880
41620 96576
104981 63054
3540 102355
61381 83464
78201 100418
60210 58867
54788 13848
71364 12004
46867 94534
78831 30622
73340 73537
99059 46120
58903 32129
97521 90410
3992 45230
19290 45612
36806 19270
3666 40346
16625 65046
18810 94826
60463 79019
48693 10251
92866 15056
22254 34733
4590 101084
65355 77930
69621 59413
19050 23523
91541 11570
8933 95532
56800 28222
36144 93606
47492 39809
28951 64117
104854 47760
53942 60317
21778 102634
70567 9644
12690 92820
44376 17279
88904 4730
95209 53524
64142 9258
77047 50683
20828 85980
41215 77627
9202 77358
66232 56693
12166 95182
15809 12020
37942 69751
72336 59719
67384 37903
69363 80073
25722 8738
97352 9626
13468 87560
63150 77610
96818 35196
23292 12645
16176 64507
90271 25377
36864 51503
82070 49030
41685 97878
61050 79626
62629 28386
34345 25012
66288 103707
85 92010
7445 97437
101635 20912
79997 59784
98522 71814
94980 16814
84458 6155
81320 69729
31531 13184
16232 8600
62214 57916
1478 18263
32542 64106
46648 66886
89118 7936
65593 89203
99945 73037
81639 96579
93949 56635
51363 87471
23448 41342
104284 2906
47497 80603
72635 79027
93787 88866
87627 51000
41782 89104
69263 74323
48210 10910
36208 32328
18846 101801
16530 13790
69838 98169
5369 58787
49803 56732
41257 73251
98073 40540
76157 40570
16142 43791
14596 4929
27657 102223
55928 69438
86327 20190
38760 29536
31100 74968
61864 49945
71768 78393
63735 36605
71561 69103
95391 16364
20834 31648
89615 13907
72187 60771
54476 88329
104562 69072
93257 27218
66294 44184
96655 47621
64374 30414
77157 95473
382 34020
40418 72149
7413 104152
3754 78974
68254 99145
95337 89088
25792 79952
102994 97979
35722 52470
81307 35284
16541 69564
62501 82835
8747 54156
25455 73121
84570 102611
63593 84951
31631 104010
52100 39043
103162 55854
13016 66415
49998 3352
50503 75790
83303 48497
68768 14025
100966 45075
49308 12507
9638 6809
95342 18385
60964 15797
91505 40533
13408 50098
20484 45038
49107 72583
84080 47268
23436 97095
8683 73434
100447 59185
44224 78750
2681 7992
92775 103647
53066 37083
11153 62704
43891 1495
81088 104855
17291 67592
40388 30698
12689 60871
75735 61796
28453 54815
4064 51889
46910 12747
20323 42357
71932 64546
16106 74613
72538 3881
73259 20603
40963 84412
83307 84854
85906 59394
84708 103197
21986 20096
28894 34675
80966 104629
96471 4419
54443 100535
56308 101353
8281 76630
38709 80213
36176 54814
49825 3713
58695 18084
24316 99657
102495 2622
79510 83401
62015 59218
81597 84001
79313 5491
13676 55279
5119 5146
59697 59562
681 11004
55914 8961
87634 94622
89173 18809
44436 33998
22521 103130
52081 46836
97787 49575
49458 72297
27976 6472
26515 4572
90473 828
10063 104149
56106 15181
4294 10803
74743 4975
21806 25657
13935 4439
15279 103108
23248 59714
32105 45768
57844 84186
92604 50631
28761 37061
17927 56736
43533 44442
61308 29006
45269 71370
28154 101374
86551 32448
7176 56293
37422 28982
81949 51357
33421 97227
49465 56668
51941 81570
102436 4785
60755 90040
55415 89515
22101 73342
41250 65633
12783 102557
94639 58051
68927 17792
54425 50477
50239 61601
1769 87661
90582 83718
34017 19003
75945 83482
75671 22885
60051 73106
27669 15805
58146 83084
319 80246
51425 41568
40879 64208
39125 30517
17258 3052
48309 71682
53528 98548
28283 55297
81208 13864
34014 10225
32867 4959
93706 3537
27843 48756
76643 55512
64560 29788
33596 64878
5033 85020
1446 45912
44228 40571
76428 61485
43622 19736
28167 97150
13283 56449
47446 94491
70313 81460
104715 103179
86418 93421
1715 9261
37176 78357
64773 101736
3145 98368
61614 8178
78388 63060
54089 17615
103631 25517
79100 42252
45253 2266
34402 58536
58715 81847
48026 24028
58307 47741
22206 39725
36161 23921
48985 73337
102278 8757
70073 422
2125 26686
