1 1
7 7
1000 1000
484 252
552 96
408 561
244 176
422 938
455 510
547 432
899 943
32 285
148 107
16 922
897 401
460 185
908 268
538 65
26 742
602 648
714 643
99 177
740 266
17 728
91 89
577 321
357 23
187 211
715 23
23 723
735 243
762 576
100 407
398 960
103 234
484 732
940 415
114 151
405 211
644 785
797 218
823 577
246 236
962 871
231 412
441 214
137 715
81 962
439 365
608 841
600 239
4 28
459 834
764 629
793 295
319 767
515 751
126 198
626 517
644 235
581 72
882 453
467 186
78 998
54 5
884 246
775 155
60 906
418 103
917 874
863 841
976 582
779 841
913 463
611 424
981 636
835 814
588 524
245 828
317 851
431 994
919 304
420 234
756 291
276 688
936 791
955 869
653 63
567 98
311 90
542 831
265 230
879 16
131 364
39 765
579 160
21 3
627 948
164 139
197 231
42 685
345 687
638 356
509 137
776 773
609 708
357 250
185 39
251 628
220 755
981 439
605 548
105 680
335 447
508 620
335 219
283 774
276 162
171 560
921 249
268 11
447 387
986 183
950 788
191 353
201 366
210 134
905 108
811 658
791 88
281 691
18 73
906 724
327 15
770 110
766 708
619 463
111 338
586 437
885 789
68 516
307 628
414 229
955 605
621 80
314 67
270 248
961 793
424 461
355 796
569 916
979 388
825 760
349 571
706 952
285 588
186 557
122 132
349 545
435 855
943 18
55 196
470 15
75 992
807 156
328 711
883 248
31 251
600 311
57 308
831 826
119 369
962 933
268 413
830 111
540 634
541 124
967 767
747 105
589 189
814 778
635 129
887 182
236 302
572 739
169 229
205 574
539 25
956 402
976 638
60 627
840 969
414 83
877 107
728 743
193 241
301 449
817 883
685 544
68 581
568 959
456 623
212 688
258 40
359 687
122 940
267 617
938 180
89 428
236 314
676 17
969 937
267 755
906 820
527 936
493 988
148 208
200 15
563 771
900 873
500 128
614 196
588 274
175 856
874 50
48 806
320 872
654 337
843 914
602 695
500 576
870 314
118 525
279 377
72 601
605 360
120 182
968 951
265 681
48 344
989 640
974 813
233 430
391 119
601 815
790 738
329 353
859 293
450 276
64 175
495 57
273 227
557 64
577 698
448 846
791 370
256 457
448 345
552 672
339 345
673 183
769 602
569 404
266 16
452 356
711 533
694 209
390 789
452 236
20 768
434 172
903 321
387 61
914 768
568 313
522 486
752 158
108 74
928 835
495 973
653 743
222 502
518 956
79 599
63 434
241 142
65 118
421 169
227 361
989 3
430 310
637 819
630 761
649 183
409 672
915 937
958 835
679 470
210 244
295 94
593 993
853 759
247 37
103 412
376 987
974 316
643 52
751 296
938 320
986 263
955 271
206 248
707 169
273 832
191 725
428 5
957 224
77 875
138 804
66 283
212 211
326 834
751 547
217 687
656 992
688 808
558 754
769 36
5 576
13 282
795 468
620 380
998 688
876 435
561 186
112 409
159 647
281 765
132 200
938 881
22 388
418 631
463 861
174 616
266 361
546 402
573 186
697 164
903 142
803 593
841 309
647 401
486 25
2 273
993 938
766 950
294 556
793 18
417 449
437 245
571 160
728 796
358 605
13 41
702 276
936 879
439 183
724 308
826 37
857 351
677 756
69 744
568 227
57 252
445 357
826 335
511 597
404 315
557 537
509 352
498 362
867 374
337 598
82 701
463 150
495 853
605 274
331 904
345 294
241 393
721 969
783 590
533 251
583 878
405 246
584 195
507 842
535 82
457 69
347 871
501 452
103 301
584 626
137 179
733 962
386 841
446 919
859 66
157 762
407 50
406 921
234 199
489 804
346 259
647 955
834 945
671 685
263 786
849 153
219 931
842 313
912 42
431 444
806 527
712 420
869 11
606 572
666 612
639 344
179 906
588 937
7 282
884 471
110 365
938 895
93 944
303 656
549 203
514 391
34 810
403 460
560 26
403 715
757 637
516 333
95 20
868 455
368 645
775 424
859 964
523 357
298 83
116 677
210 329
856 44
812 704
422 179
502 610
168 40
6 88
348 183
452 670
30 77
542 940
943 358
983 989
924 115
738 686
57 804
700 551
892 842
255 109
146 257
490 307
18 520
295 690
27 324
605 37
323 978
222 995
374 822
293 792
174 48
914 199
348 600
425 449
973 290
756 336
205 562
304 280
10 256
978 714
390 565
785 58
298 605
443 465
967 939
487 856
181 445
795 378
997 846
825 437
180 975
168 136
642 460
212 278
854 642
985 829
163 805
920 42
427 135
112 118
375 623
211 120
191 316
55 387
686 987
315 995
444 606
602 635
218 143
431 603
1 504
258 766
146 311
91 767
879 671
81 907
151 916
96 817
208 839
226 798
875 171
959 641
97 240
343 203
407 892
624 278
410 257
640 301
132 170
55 412
910 133
256 158
192 102
84 327
270 676
561 920
638 198
725 854
472 82
628 813
147 267
528 22
832 36
811 143
676 177
318 800
915 768
465 768
464 184
659 643
898 466
584 9
118 509
225 475
268 17
507 994
860 934
234 665
945 271
453 446
330 898
490 657
339 93
150 105
317 123
631 762
265 871
889 223
852 649
559 164
353 670
317 401
725 180
165 525
832 269
791 65
730 275
189 602
399 634
909 178
632 522
134 126
640 748
7 807
986 729
167 570
624 2
994 770
995 851
826 142
70 859
442 842
283 129
424 654
27 770
811 12
355 22
57 340
901 486
779 141
842 791
407 894
682 138
343 818
790 278
208 979
310 719
77 111
571 808
179 428
418 856
237 131
952 872
355 751
911 17
436 862
874 122
524 194
20 891
510 413
969 122
502 645
205 449
873 444
377 181
937 909
942 424
975 211
372 864
744 200
659 425
536 370
489 248
258 451
203 555
490 151
233 771
899 775
342 589
494 419
287 462
302 341
377 201
109 272
685 259
661 21
353 286
278 131
42 435
607 978
136 317
345 813
294 21
193 669
598 579
912 782
128 629
71 784
73 951
811 988
516 946
393 349
241 700
633 243
723 627
241 185
70 801
542 205
947 637
762 618
723 432
487 438
616 378
423 791
464 760
799 220
131 348
787 959
322 836
816 811
680 618
436 12
77 303
558 366
296 212
498 266
554 623
53 247
429 279
443 653
494 592
5 622
734 770
839 406
605 517
107 76
69 304
325 112
171 638
185 126
778 448
372 136
719 299
482 875
670 833
678 923
851 402
566 425
464 207
989 504
97 809
196 556
467 22
242 21
279 530
21 674
86 352
543 474
385 490
126 963
805 766
468 880
656 987
61 463
693 601
118 958
179 6
605 247
237 364
558 603
688 83
71 196
105 635
968 946
25 969
229 511
943 111
430 149
928 542
469 536
91 242
602 636
808 395
926 549
669 321
307 577
388 609
351 36
672 443
61 801
720 123
72 21
201 877
499 919
60 89
223 914
716 125
436 157
526 238
966 195
402 432
644 155
260 33
92 493
496 980
645 945
588 475
654 73
13 685
61 841
953 485
515 105
31 319
486 202
424 634
796 264
533 492
918 693
404 836
512 792
43 129
325 180
741 358
750 450
798 726
336 553
571 765
958 877
475 340
492 392
590 363
410 100
953 667
867 843
540 762
991 827
85 448
429 736
827 831
267 534
666 835
840 948
353 157
189 502
496 654
122 209
625 610
650 548
572 376
580 96
669 550
355 581
304 104
187 185
927 671
872 825
501 547
407 318
534 492
753 415
849 438
297 954
336 456
34 607
915 757
438 90
229 963
868 373
166 35
249 711
741 749
551 237
769 413
180 844
127 207
706 897
966 674
623 793
4 962
789 718
765 163
901 435
858 589
480 417
54 713
926 775
472 366
342 54
267 526
728 572
393 69
676 324
613 396
349 447
977 194
843 635
72 634
654 217
925 190
182 800
816 230
298 797
489 643
797 473
66 975
37 333
728 971
847 607
282 677
796 679
730 460
383 481
205 995
486 612
105 765
588 779
790 514
773 670
815 443
42 668
975 554
703 331
640 418
278 514
213 772
471 456
389 800
893 312
541 199
439 818
754 788
299 9
168 154
882 736
164 283
880 379
769 885
108 77
391 176
73 788
257 334
66 333
727 174
272 309
538 904
589 737
279 986
898 929
416 430
816 983
786 256
698 500
26 960
306 87
397 620
380 10
854 282
332 212
70 817
661 104
991 349
725 86
604 55
448 157
680 506
598 975
689 708
704 985
241 551
798 179
841 668
310 679
45 375
373 158
373 818
417 588
618 756
14 121
861 387
178 276
971 107
902 282
763 722
887 397
977 32
945 476
791 450
738 307
77 873
274 281
488 71
943 81
793 974
590 679
662 683
143 804
408 893
242 542
469 793
319 708
93 687
763 746
252 116
900 416
246 262
870 842
261 333
92 945
314 975
600 594
338 518
505 249
930 881
799 376
375 402
485 757
410 857
537 375
383 44
892 522
10 762
938 688
687 669
347 513
610 211
838 77
492 346
342 822
