1 10
100 200
201 210
900 1000
453 93
244 124
356 999
862 705
201 393
209 31
632 588
787 328
351 150
222 686
670 239
672 371
531 16
539 286
113 270
545 420
298 74
957 572
165 418
296 693
791 503
280 258
177 387
720 922
814 112
563 234
9 975
270 470
416 288
572 381
191 225
515 952
929 341
551 817
920 426
63 319
482 784
249 354
255 939
247 499
419 95
916 412
449 527
636 271
545 534
731 10
937 84
821 459
427 683
10 389
896 487
560 881
801 168
471 216
287 788
591 44
557 633
520 514
472 290
506 83
166 150
904 481
93 265
780 842
632 401
33 934
759 107
428 139
975 946
320 214
448 292
461 526
698 195
5 593
270 353
18 16
473 236
109 83
508 186
25 314
165 88
197 512
871 864
68 66
935 116
261 454
301 890
742 157
74 347
221 985
82 351
926 505
158 439
650 571
217 907
350 219
558 350
972 760
178 347
408 939
673 178
351 961
917 711
685 103
684 356
330 104
531 209
468 557
779 654
335 445
672 91
223 78
367 183
816 675
838 768
552 25
791 66
735 870
591 831
810 61
465 27
109 677
95 827
707 263
719 472
83 818
985 490
21 337
293 578
354 419
837 100
857 320
380 364
138 957
369 963
237 848
657 757
908 368
540 561
771 878
145 856
271 648
662 412
246 246
286 517
257 923
267 513
209 810
455 316
609 434
81 765
392 438
537 444
949 676
203 101
657 149
41 709
125 556
174 657
337 260
876 626
388 153
958 186
749 319
115 337
426 315
540 778
154 487
593 198
72 790
337 653
15 25
259 634
36 654
956 236
455 154
74 266
140 314
328 164
869 312
451 600
81 966
304 443
927 554
432 669
764 343
611 272
310 455
677 61
880 381
266 484
650 400
447 178
818 986
601 877
149 939
150 202
581 923
821 699
727 903
569 901
397 687
967 213
166 819
122 271
934 867
1 17
612 377
927 293
676 903
33 913
198 354
547 62
17 353
275 63
953 186
910 279
916 123
582 578
224 418
785 43
214 331
652 789
158 714
756 612
408 621
108 155
263 871
520 770
169 672
733 431
472 130
22 101
376 208
482 976
604 334
101 400
825 790
959 199
854 870
657 10
925 474
787 847
110 164
672 292
403 782
386 928
859 383
37 653
918 439
611 528
901 877
207 676
179 65
798 533
94 253
275 274
746 235
211 170
502 551
986 671
194 983
522 537
223 34
933 510
899 214
589 475
378 163
63 36
386 926
552 210
22 412
376 816
723 426
268 694
457 387
716 102
952 96
991 817
97 151
386 757
539 148
130 139
949 679
766 268
488 364
693 397
809 777
678 223
982 21
546 82
318 764
586 471
51 158
527 625
567 449
422 844
73 184
217 887
692 378
128 722
846 918
203 833
838 977
565 712
991 894
693 683
999 941
964 994
472 838
668 343
983 642
231 784
283 37
203 119
14 842
303 427
516 272
586 679
678 608
441 175
87 917
802 176
357 313
791 54
222 138
647 300
944 344
675 32
840 637
712 3
640 174
794 732
763 66
459 344
42 691
769 926
102 295
289 515
226 725
238 160
851 705
952 38
920 87
588 304
508 443
356 402
227 16
168 112
77 481
436 854
278 360
704 794
880 554
489 74
586 213
277 921
452 737
69 328
827 951
285 801
503 819
353 463
650 608
311 336
755 406
793 617
801 726
96 120
469 263
971 646
256 192
363 320
942 718
649 124
977 63
467 28
52 705
186 74
489 688
639 268
241 638
32 725
814 489
437 724
468 519
373 639
650 495
270 293
311 666
778 206
992 514
231 67
212 89
832 955
864 170
857 976
910 847
882 579
632 153
875 466
196 234
433 471
103 544
1 636
221 136
71 224
907 594
119 572
179 484
853 109
92 397
972 53
722 245
426 193
749 430
428 44
801 595
633 987
79 721
982 96
740 534
529 50
828 371
197 31
541 831
19 342
940 190
418 144
448 73
526 117
248 875
984 191
917 738
276 998
973 712
759 805
962 406
121 741
295 360
332 923
850 429
470 976
662 833
312 527
726 64
596 978
773 578
612 922
505 835
350 657
306 563
174 388
612 333
861 155
982 847
618 607
939 366
319 810
87 528
329 581
105 145
575 812
985 497
788 915
357 323
486 790
712 824
905 67
360 914
132 736
791 949
422 632
383 201
728 255
24 319
616 959
266 641
173 98
383 309
254 789
9 390
130 316
480 43
157 534
832 878
734 146
272 878
257 216
772 714
357 484
765 580
457 808
655 186
228 148
21 793
809 740
526 958
821 153
943 717
891 817
881 341
780 753
793 225
795 346
427 429
737 830
857 535
232 86
421 826
519 242
176 206
514 120
642 69
215 352
184 121
108 268
383 278
8 334
739 568
976 869
616 532
9 805
35 580
81 724
523 254
459 426
424 283
429 671
107 559
51 200
565 890
47 390
881 373
489 536
872 915
174 410
508 600
790 929
603 203
318 971
161 301
139 417
689 749
413 638
486 415
101 182
329 553
177 936
293 147
146 669
126 663
677 377
530 112
47 424
676 138
980 621
911 996
805 630
172 183
148 97
293 25
949 283
800 984
646 105
71 584
343 966
365 136
301 501
442 98
464 750
410 303
424 451
868 890
323 451
459 26
592 530
801 2
868 984
759 319
616 322
504 563
93 69
503 490
198 47
809 332
882 225
905 370
735 674
567 181
689 76
508 653
644 954
910 282
459 285
689 158
751 180
46 77
285 119
434 415
342 721
223 567
996 110
549 879
735 671
876 476
727 170
71 98
753 55
923 43
484 181
64 82
706 3
611 902
190 221
934 598
211 227
956 734
15 499
83 222
926 697
585 66
268 931
811 43
618 820
173 582
748 323
175 724
458 688
304 406
565 889
656 148
124 795
833 84
67 331
359 2
744 988
667 94
273 773
579 947
348 988
825 831
989 743
208 632
12 330
568 943
394 540
722 978
543 740
682 823
194 319
704 404
952 416
502 364
28 526
248 391
289 650
102 667
938 969
605 991
381 41
607 393
443 470
957 484
751 860
339 207
112 452
41 249
313 447
909 448
430 656
820 46
987 904
710 655
38 756
569 521
292 753
126 602
214 445
69 316
143 605
493 413
109 204
118 523
148 433
695 791
522 884
873 145
522 714
720 101
358 876
832 486
852 57
516 758
261 897
783 587
467 409
894 365
860 159
757 135
209 951
151 928
911 906
394 870
586 157
441 212
436 975
468 625
896 42
216 785
428 567
172 257
144 280
621 147
439 844
551 275
4 696
149 105
821 309
345 769
4 948
497 672
930 939
372 182
343 242
222 98
411 555
572 913
488 323
914 870
902 220
358 856
487 618
265 216
112 464
400 882
107 856
104 215
402 765
656 33
698 417
412 900
927 752
966 477
253 599
165 576
924 45
649 817
436 771
310 333
807 957
627 382
196 947
684 905
190 249
342 205
625 654
66 559
8 454
173 584
732 215
514 966
331 39
796 205
819 113
827 105
679 347
720 347
898 276
967 944
694 813
798 760
176 362
321 936
103 866
675 153
557 357
196 268
227 63
841 589
239 391
329 128
219 207
41 966
449 373
364 558
178 390
670 305
709 527
366 497
53 662
400 359
752 494
78 966
538 528
619 687
198 362
297 64
343 338
759 3
503 713
973 941
76 606
189 570
89 138
331 940
407 929
118 774
652 19
713 585
754 173
339 636
938 163
2 64
25 123
181 523
337 151
140 18
439 364
993 4
382 51
539 706
812 92
280 368
915 775
956 629
805 612
542 437
316 15
175 70
564 722
327 710
408 750
856 977
548 876
727 52
59 617
858 462
102 50
551 578
570 707
167 29
663 759
367 498
585 873
558 413
419 731
454 339
328 633
165 897
412 732
180 617
176 836
35 350
609 860
550 761
993 509
965 241
501 209
350 542
157 988
529 845
287 774
344 396
611 318
488 892
99 896
8 239
931 352
466 396
994 881
447 319
979 682
969 378
14 889
192 941
508 176
822 641
479 94
304 574
81 980
979 307
633 378
981 514
878 923
822 738
385 546
294 321
75 238
393 926
731 787
652 779
993 312
88 351
719 555
55 45
262 553
680 684
547 624
54 155
262 368
914 557
710 22
285 503
53 759
664 717
310 456
416 751
246 397
559 539
14 692
760 253
34 403
525 174
537 930
911 700
552 540
902 296
991 537
807 759
39 940
74 176
797 842
761 811
302 161
381 573
28 393
748 180
930 42
176 884
169 965
244 708
85 974
136 122
604 310
587 511
238 242
92 41
311 832
115 253
869 625
742 868
992 629
464 41
736 84
803 178
640 168
565 15
673 339
390 509
89 221
458 9
875 966
599 670
617 111
723 90
849 491
954 44
671 314
752 633
193 835
469 716
349 386
579 467
120 425
844 581
406 561
736 918
43 127
664 652
663 583
142 675
670 80
376 161
122 752
400 614
882 97
827 907
396 508
550 341
437 943
439 782
81 136
709 267
667 854
47 430
795 420
892 224
477 119
22 29
704 401
261 641
797 402
12 172
553 935
726 646
942 264
745 390
881 536
539 472
