2170 33895
84563 44569
81592 93963
80001 17604
77400 37942
71528 67184
62343 44747
97412 31378
51410 16375
53293 85725
17998 70789
63536 8975
49937 7136
72540 42681
5406 86246
86195 30222
94686 35526
96577 85223
48073 48502
95241 76560
21509 8115
31098 4851
20965 79189
85184 25919
36850 51118
32343 82452
41415 90912
93083 2894
90646 44856
90651 54956
56328 82123
40235 45084
76706 34763
90905 39044
42147 46533
83927 14127
28937 94811
42359 29331
17812 95513
81557 25147
92418 7094
93517 21782
67482 65737
74094 97243
63300 77093
97735 49494
4277 36403
28125 30996
51048 29067
9086 50311
71208 6286
3120 77718
26890 28930
2947 2245
58807 37963
66245 66876
5576 26371
39764 10422
59786 21942
24046 83208
22752 83132
83524 3884
30856 93715
9965 53706
58326 23929
97367 75010
30972 60131
31384 36888
85643 49885
81602 24572
52339 99999
54677 5300
6662 45895
83311 77193
35547 54233
1791 17035
87695 70160
45207 85122
14662 21791
40735 23026
99246 72905
84613 99402
33636 58169
1618 80905
10160 55039
48377 13261
6444 35784
27401 31385
56770 44377
62498 82979
28275 74599
60644 35063
8339 50901
68610 60651
24402 40907
55926 77505
76342 94160
86094 14866
4004 7717
95396 41117
21181 35645
62379 9516
6149 21340
58341 82750
98911 1994
96881 35863
91187 4852
54018 28001
96370 64192
39723 13884
61201 59435
96119 58441
18961 83329
30901 3439
45791 10649
26160 79944
18550 73802
55100 60588
19714 39885
51020 62872
39456 47472
42561 75290
23490 52404
64349 56507
75342 25605
20822 36841
35302 86259
21126 4384
76738 70193
80638 28693
94137 40425
51227 26687
19551 5786
3985 49602
50440 80368
88100 47897
41931 83391
5909 14239
70114 45691
68217 64378
56877 31702
55046 39845
57366 78231
32262 47545
47279 24499
89998 73783
16279 45899
23593 94420
26652 64642
36173 80642
68315 96665
56175 90199
71203 17098
73873 30299
42423 38365
24762 78323
6482 32713
55711 91173
16996 50027
84189 65288
72315 87356
24008 64714
20445 96690
37949 39933
57681 40086
87892 15647
19934 78077
18481 38468
95307 17029
17146 18530
99814 69357
16643 23577
576 91538
38533 8349
55733 4578
2989 33537
98889 17183
51760 9954
27374 89938
16508 95949
3522 64840
95914 13742
69206 80494
93680 7382
25097 11108
60851 25928
30258 77249
32537 28000
91389 23748
5884 59264
63756 38482
46651 51609
47391 79472
78571 74322
31823 29438
7274 57080
79060 87470
77364 55075
49030 54400
17134 12864
76928 77852
13632 43904
79168 88748
49344 56476
44811 80531
57609 65891
85518 37165
68011 19906
38944 164
72859 1935
97763 51692
3883 89010
72713 20700
5109 68977
43763 80713
59216 5974
87636 41185
27781 2495
93556 75937
41468 66498
69776 90612
70223 54298
67327 45032
23872 87154
33424 48366
29574 8013
72495 22446
61539 60592
69094 43525
93521 62989
31712 38044
42458 92525
23625 61734
68711 89880
78033 36693
6160 14180
71535 30650
19027 87128
11970 90775
17408 36028
10483 13507
13872 68799
69046 82041
18165 11748
72143 11517
76045 56202
60306 26861
46544 12951
54818 33727
33705 4448
86235 78461
15938 77688
10924 54617
1303 75090
60827 54958
88621 20084
90125 60886
57691 14938
2077 43010
28006 66308
1385 86329
60427 11582
13996 45199
32278 60746
90021 40001
78127 66763
56791 45323
85172 82032
24010 49766
71617 41980
15728 27361
36204 6382
51009 69083
51053 53778
41127 87419
67738 74979
54070 9868
94001 9083
63891 66552
86095 30328
13621 32735
25502 47725
99177 91828
83882 77762
62191 38996
59956 13993
68162 21060
54752 85759
37365 60231
20841 47962
68313 32825
4085 7029
7739 12138
4739 64917
28362 87546
63424 30519
47222 88653
83161 38393
93300 3884
96522 49953
76318 38744
83733 15406
92151 43563
21615 90681
10796 26605
55252 21063
67830 97967
17594 4814
88669 47400
3299 26209
46198 81578
40013 49466
47212 88064
27300 5188
37085 999
60663 99330
4923 65157
95463 21246
87859 26570
46267 42386
94474 70210
15729 70445
70851 69779
6159 85123
48030 13050
9911 30035
13563 81980
94809 83286
9019 70251
93603 84865
76967 81816
38100 88279
6474 30384
22414 65391
58041 76308
38505 62205
76692 4089
59972 90815
17764 88376
91862 56198
36643 66002
11427 1375
82556 98922
16157 9191
96355 68091
64869 49911
71125 92902
24406 95727
1612 92878
23891 35246
18975 88221
57454 23148
82982 68785
86770 90268
49714 74868
79693 3793
70854 90377
82744 5341
63958 19778
80485 5109
70363 69071
70756 42928
8272 74832
92625 40462
33869 54412
51838 41845
81213 29402
6105 50487
79358 34940
30617 93519
89748 10764
31946 45578
9066 51503
39219 76355
85254 84198
84864 68743
16648 45667
89937 16951
37055 73240
92094 62315
83816 76811
97349 84467
82052 1254
17906 39385
70548 6826
41898 93667
57332 47524
42899 42740
25585 71224
25955 49010
55400 36538
25892 14530
86685 51099
609 58895
38900 74432
52496 32586
30000 50831
1788 13963
80006 9891
39566 12662
42333 26814
46775 19897
66724 53214
3516 98962
81775 44584
29214 72493
66128 55745
43876 10346
2190 30652
69704 71037
14693 76941
42588 53903
55865 67868
58871 52482
27864 17974
9343 81874
65260 38877
8180 23767
38841 5215
14359 68647
96729 20548
73653 48344
72689 38560
2644 66243
92848 2633
43449 33860
44484 75683
37972 53214
57464 13623
80137 20668
98990 4098
17339 60818
22005 9162
17590 35745
71175 35595
4569 85177
31362 69359
68543 9017
86305 3260
93129 71698
74230 4966
3177 91753
14086 18470
32077 95227
81217 77315
31879 99260
92380 17421
725 65752
27597 85001
94033 60794
98338 21637
91991 27690
40767 70957
18350 1745
67218 45078
61045 45209
18420 81944
64684 63120
17663 16953
40956 25419
84487 38404
47620 21638
89110 16505
61025 80649
96903 30398
93785 7655
63038 14291
28164 55648
85699 51810
92375 56038
23705 95829
27534 99709
30239 89442
42837 53212
59907 62626
83988 78768
93502 88991
46645 86303
87536 52459
49043 9161
54040 16301
90817 87979
12271 99191
55539 83806
81506 10099
22285 11196
58859 84251
46471 2083
69003 22056
59737 78801
19750 97251
72873 21839
18682 31831
89710 65707
73533 7367
90080 58909
78355 89243
39006 65515
53001 24534
94843 70248
89841 40259
25989 41911
59802 558
74868 32141
90347 42351
36364 59092
62715 55648
96655 76940
81776 79440
30114 69613
71379 7824
74906 96135
19372 11115
70499 44330
16704 12467
62893 99553
60387 76694
61299 43897
18331 79952
29001 68416
883 15673
42241 36713
47512 44671
96794 77740
53236 16238
81830 86569
44132 40940
41975 81741
82904 59074
90309 5197
83399 6516
73406 28079
86445 71441
4043 17609
57506 72101
69978 60833
65623 28844
61293 32243
64912 29122
3679 76145
32216 74358
15694 98148
58310 67453
9034 77681
57195 49410
25304 48311
14548 635
80835 87893
57698 76535
39616 13865
75203 94995
24092 57234
13772 50892
86788 8695
70870 70222
16016 60512
20467 7083
76430 20354
81707 84488
28679 69337
88215 68721
71311 16877
45433 37005
25422 89303
28726 21964
29926 41085
77265 62172
67201 87865
79046 59419
26809 91544
86527 38311
21539 79838
73430 26897
56665 50502
80104 18129
93314 41895
80530 79986
74496 27027
86411 52750
39541 49337
17406 20340
42835 3626
76674 57861
78495 52760
69175 72543
26241 27643
90560 59857
31659 75501
61591 73869
44611 43157
12529 49275
14991 85281
47312 70538
12732 13196
34591 13633
18763 15039
813 30676
89689 83475
15017 85490
89097 32501
8310 68475
64688 66979
45707 7887
19068 2643
25386 32290
61442 56946
72570 38507
69123 91465
85924 73052
11258 96188
57895 60204
39748 49197
93848 65231
10892 3997
51865 15047
83699 3763
23060 25140
69017 87093
84949 39303
73066 77330
22114 43060
21384 46786
35799 47750
49552 78437
86306 46668
7372 48456
76984 93745
93813 78183
23474 91945
67682 87980
25511 71111
31633 59989
99559 45548
56561 34676
80914 46683
6890 13360
86547 15271
99753 61576
78396 11885
1964 71960
81279 61950
34950 65716
17670 7381
14480 98449
2031 59815
49229 10307
47016 34200
54616 71457
69699 72393
70923 46309
9526 22383
64526 33903
47058 68128
54523 85417
72957 41767
52298 83173
27758 17047
37886 72259
26596 38747
71659 97967
98052 70796
85954 34247
2094 51964
38394 64922
1083 37455
1277 71915
94996 649
65068 38197
57330 2882
10544 69832
22797 7990
13502 7506
50019 70266
39814 45178
42952 2409
61688 19973
71556 60188
27220 71291
15246 12760
99309 30083
67107 67520
77912 88043
34594 66731
95607 95908
99943 39697
58940 91274
69666 76192
87292 4962
79283 54795
57235 6876
98853 43841
94829 90711
55908 70715
61720 40963
25500 76239
45700 74562
18863 72290
16691 35880
86515 74843
74371 45602
3654 19122
2805 50579
27374 86631
46137 19961
69810 11726
38104 22029
43054 24104
96861 22185
6039 35086
47521 25253
8044 22918
41395 7578
20820 27160
39744 47207
37530 49466
96996 86290
1730 32008
56429 30406
19655 68943
73767 44186
31442 3336
74634 26355
9689 73250
91773 46208
9586 39672
4933 35586
85458 20514
65934 6735
24806 85159
79668 60492
68333 62799
18446 56727
3984 50519
19768 27335
27583 70366
4156 90059
85834 44668
57917 94415
43032 27251
78431 90750
46151 23709
35382 9025
57793 13029
78761 27973
69400 47281
59970 77754
47710 46493
52662 76983
57027 52995
39148 11131
92171 84534
19019 39919
90059 82671
77828 73832
1888 99070
61305 3944
60429 30690
1224 16995
53071 42963
41785 49567
37758 67644
6176 75093
24418 77639
40558 73973
71055 82609
30618 54886
26527 8220
27432 53002
2155 60931
91796 40287
52710 33256
18557 69442
1685 29865
17105 19599
62031 94386
33328 59299
40845 66092
69663 6818
64237 50002
1164 38453
51209 67172
2137 63403
97647 16884
36679 35552
79453 97374
60865 51643
58684 78325
11617 4017
91574 33336
354 67047
78836 89252
36804 42964
57208 37251
31222 94053
2963 54082
3939 31387
26277 56384
56635 1391
54255 88290
5213 15893
49654 82147
18142 24734
41207 59017
32120 28279
41953 23507
51186 95727
73203 49870
51592 65110
49107 5415
84631 92481
42696 73243
38695 56362
2101 36585
95797 72725
6035 55625
54140 98989
18473 19287
71840 11276
20971 33639
70198 88825
1036 90588
24627 36812
23201 69332
15120 83821
18835 92219
30775 93627
98656 23264
90348 81384
10447 62948
955 83169
97967 10574
77178 78796
971 92348
58938 78218
47787 33045
7568 51612
35082 43993
81306 72321
41104 95257
10672 26909
41388 93667
53673 70678
54703 58902
78567 73880
15271 85524
67520 1337
37942 90613
74538 28214
32847 20984
64258 19899
10029 53877
46424 12162
1936 39438
31867 1843
61813 72451
6525 16618
86384 73732
59874 59735
3977 5633
34954 21566
99984 92734
185 39582
52190 76002
38112 44943
45673 57839
59337 78436
81860 15212
30436 64433
29297 41565
25641 5766
77156 31572
11625 88441
50933 63521
59510 52897
65537 25701
79723 66526
93886 66948
41529 63959
59385 23833
7760 46011
20206 80163
37542 8489
2915 34877
50599 82731
48354 87820
32953 88349
43441 36721
78954 94924
98095 13502
24 73945
49645 60293
34013 55964
61350 88332
97878 9637
90813 80957
29838 49022
83506 34330
87211 3085
59296 21998
45077 13238
35926 38782
38974 50012
73263 13630
10963 1704
38993 84000
23325 33154
35519 53191
31700 91708
68539 1721
49505 23503
61916 13843
56014 16541
22503 58711
79277 45589
80653 54625
82018 96820
77377 27863
96621 53929
16916 53118
78104 82993
85935 3209
6425 1185
14092 87021
86980 29090
74514 33648
87025 63159
24491 959
5957 25562
37603 12287
38208 71780
58719 55355
70946 83211
1560 32060
76538 74661
7923 9623
88493 96715
3902 32671
80223 92921
74056 988
74018 23634
83518 3220
35896 41345
33790 11269
23142 96346
49210 30676
14839 61854
10858 21216
22537 92830
58542 72880
90585 39222
63 11467
39846 57211
61969 16614
28004 35791
5736 17431
13312 96305
27315 50441
39819 88402
65449 92424
80069 13633
7806 476
42535 55113
34242 84243
55212 20912
98295 76695
47005 1120
37710 97023
20664 52995
15805 4160
78428 33575
80958 69988
72020 93729
84806 42035
81309 49453
81920 46958
56470 25460
7910 1275
58755 47398
37755 8089
82814 56583
45000 77845
95451 6822
13874 97206
8149 98568
28468 55411
14714 47396
65215 24229
20049 34279
17226 62007
61155 63159
77655 67225
66925 48821
42051 27603
79136 25692
80873 49911
14515 9638
37717 97519
36390 76973
63456 94806
55635 11150
