6236 20461
16940 23698
13854 15570
4738 22528
19997 23455
12826 20052
4460 23661
4386 14922
11008 16112
8162 10078
16359 24101
19740 20251
8569 23375
8099 16870
5204 12001
15183 20184
6517 7249
17707 26464
11345 27676
5660 15558
11641 27265
15866 28996
16675 28384
13973 17784
19997 26666
15532 15603
1546 7357
705 24761
1143 4845
14509 27836
7148 24321
4715 27357
2758 27948
1577 29943
3287 19679
4499 20484
19727 25691
17095 17160
7433 11496
459 4973
13683 22269
10448 16358
6009 6335
10703 18970
17425 29794
5599 26850
2146 20037
6053 9402
13300 15356
12517 26127
1127 2187
14112 20570
3705 20156
8192 17918
10463 17881
17741 18272
1366 9237
341 450
12223 17713
13507 15692
17437 20384
7506 12082
1103 18311
4390 22508
14438 18457
1414 2290
5864 20518
14857 27359
2126 3702
19840 29378
9528 16591
2363 8996
19563 28925
11637 14036
67 29505
16240 16803
16812 23488
14956 20007
10808 11357
13504 22245
18496 20852
16316 24336
2398 17066
9677 28172
5393 27401
13327 20876
19257 24462
1791 19034
17319 26552
18393 20415
6288 9615
1232 16470
4468 19421
5541 11398
2052 20419
13554 13712
7537 17241
5744 18749
18641 20918
4410 16903
18085 22611
15370 26769
7466 22416
6814 19652
1711 7476
3460 26245
8056 10092
9818 26771
1482 18395
6778 11528
6662 28777
17599 22699
14174 26119
2958 20471
557 25709
16355 20161
3285 27317
10318 25897
8819 26112
19120 28198
13568 21597
12140 24883
6557 23496
5981 19200
12216 25917
7359 19881
19547 25536
8454 28411
12117 19319
7092 24618
8650 21683
1466 23017
10188 17064
13181 13725
16141 24408
8739 27417
819 25213
16144 29870
7605 29434
3041 21276
16303 25916
1604 18369
7798 10267
1579 5983
5490 26933
11059 13318
8582 22354
19844 28911
4421 15704
1176 22154
16446 23305
18522 22874
17349 19803
14987 27798
14088 27013
11122 15547
16923 27403
17740 27402
15987 21893
4265 27209
5737 16821
13742 22168
14958 25265
12591 13137
4239 12739
8129 27720
17073 17989
4715 13679
17814 19961
14363 15056
6731 13538
2126 29155
6915 10140
2835 21521
19523 27802
12670 13022
7684 29814
19408 24249
18578 26800
13737 19860
9995 12655
13390 25621
16409 17576
15281 25443
22 12502
16377 26120
995 11917
12758 17870
6182 22015
398 5011
2851 22572
5970 20626
10541 14032
3112 26747
4796 16085
11168 16312
19437 23467
19535 23542
17900 27112
481 982
3754 22916
15760 24498
11472 21557
3854 9674
2792 6781
16364 20707
17717 18714
9691 26911
16136 29433
3935 20171
2261 29265
16810 20827
11593 17492
17208 28281
17897 28669
16426 26135
2112 17263
14599 29559
19086 20545
9307 11712
8533 24121
1975 15224
7912 12475
1357 27949
17976 21831
11021 24922
4385 26695
17416 27136
6808 16119
10896 22558
15225 18324
102 10284
17190 25429
1372 10313
11283 12143
1010 10480
6370 27088
12827 20519
4615 23008
6919 25155
7118 19620
2163 12608
445 18064
1616 16395
13683 29793
701 26580
7183 27117
14320 14463
17440 24363
15632 19059
2576 20723
7520 21766
12201 14587
8192 20105
16919 19059
12255 17429
11661 18406
6242 16598
88 12933
6646 20641
19648 19781
17570 23154
17922 24838
11823 22249
7115 19760
17512 23231
2928 4629
17557 24727
8538 19982
16056 21511
10600 11985
5648 26227
16257 17640
9335 13365
3322 6968
5039 16292
12787 22323
19168 19492
16946 27730
16854 24106
4753 7914
8626 27562
10225 10494
15549 28799
15418 16996
8911 20519
8995 10282
15603 27062
4106 21780
7095 13115
15619 22689
3255 12594
12998 14228
10179 18176
17506 29348
2539 19537
4380 23653
9452 9475
9634 23488
12920 26718
10059 10655
9686 25183
6696 8592
17265 27154
1426 3969
3129 7419
3221 25082
2005 17714
14852 20985
2862 7994
2330 16600
14834 24162
4217 17769
13360 13643
17336 20441
18922 24709
18691 25957
5462 23861
5700 10475
4368 4542
15271 28981
12575 29172
17499 22379
2798 17773
16640 20419
14423 28820
7404 8931
6889 14846
16528 27005
15195 18368
7815 21954
1711 23005
18019 18058
13144 28679
18931 28690
7277 28020
17739 19679
15511 17784
2399 7576
4183 23331
19992 22580
5420 17330
9154 18278
6406 14586
9299 17293
5683 6994
3062 15292
10727 29985
18304 29901
9545 12611
3497 21702
1616 19862
13144 14167
6731 28765
9939 29679
15491 26799
16424 23312
19937 20038
1687 14071
523 6818
8396 16046
13264 22450
10374 21306
400 11390
3263 23178
17231 26674
14854 24764
2856 11474
818 1402
10992 22506
5558 7031
15527 27795
8843 9011
5287 7804
8859 14564
13601 28801
6917 7046
570 4421
12462 27966
17371 21688
5070 29810
12090 17368
19278 20533
13200 27386
11616 29155
4219 27358
14544 15760
4416 11943
964 21694
15851 27312
10609 14248
8536 23647
3509 21212
10670 25427
2346 15351
12446 21860
14280 28578
14858 15165
10152 21393
17866 21216
3854 7856
7856 25555
14263 24461
14374 23314
14192 17006
1643 12735
4748 25387
4390 28467
3446 17216
2329 23767
15349 22924
6164 18558
18739 19546
971 28274
19693 20654
16407 26644
1576 10693
17731 29809
13700 16683
12637 19635
11109 20663
18544 26733
19341 27894
15077 17440
6781 17721
1206 18488
19883 25907
18682 29841
16643 25061
11170 14314
1068 3013
8186 13616
15958 16915
8889 10450
12397 17195
6950 24834
12691 14811
11543 23387
1721 1755
6677 22383
4460 24625
9575 18620
10908 29884
10506 20030
11815 17138
13426 26639
1350 9844
4306 10478
19271 27722
1337 3098
14405 16606
1577 19354
7767 27884
17626 17816
17116 17463
16977 27464
193 29716
522 7338
10273 19193
5618 22625
5325 19232
7123 8615
2231 18642
4167 20788
5940 25667
11430 13461
19831 22306
5572 26192
8322 11824
12461 19058
1128 17665
4785 28265
15304 27083
5634 22576
2076 21694
1555 14663
10010 28768
2205 4863
11672 22760
4287 24684
667 16228
5110 20836
3266 21618
7761 24840
19728 21293
15548 22107
4870 7147
4845 23185
17907 25039
191 7416
18409 28368
11919 18517
210 5285
3276 5406
11148 21861
17208 23479
9807 17036
1452 20880
86 29454
5706 21699
18728 23032
19141 20933
3427 4613
16474 17288
181 20849
13217 28159
7475 10287
19714 25342
3646 5108
16915 27538
11670 18380
7203 16350
18733 27611
9809 14197
3408 8271
7934 28619
16516 24270
18981 21068
1373 15256
9426 18091
612 5818
12469 20696
18998 20219
18842 29144
4748 17946
16597 26148
14555 17506
15774 22749
18677 19130
14084 14923
18521 20342
15503 27285
12512 25803
10970 27360
2965 27237
4203 12456
1447 15873
7942 25117
6492 9765
8590 11526
14972 29881
13403 15015
4229 16278
17868 21844
5232 22555
6201 22323
18686 26279
7512 10951
15712 28279
2663 24245
5506 28616
12341 26162
5331 12897
14277 16734
18695 25566
19428 29148
4062 14227
4946 28507
17302 21566
5345 21244
3242 29395
9585 23217
4483 19369
11387 28257
17192 21386
15194 25027
2510 6796
7201 16156
396 15487
13550 14130
19554 24155
19326 19674
13136 29071
17610 24544
8871 19898
19381 20863
5194 14982
8066 19921
9629 19883
18634 28631
11287 27770
14650 25360
11438 18588
6330 8752
13667 18706
11536 16280
1256 21086
14843 21301
16219 27874
133 25695
16093 26788
3104 23501
4188 6270
16274 19724
7225 19698
13158 26234
9154 26434
17413 18404
13337 18443
11818 11977
15605 22736
12377 17926
16367 23545
16457 24735
12027 29408
8318 28970
1411 29330
19396 22222
9800 29780
5264 20901
4348 16050
16470 18232
4031 24277
19760 24012
7404 23764
12038 15413
9699 11909
1577 5782
7506 29421
2326 14998
9222 16073
2951 17063
2944 18076
19239 24103
4953 5132
13027 19840
12599 21328
8440 12581
1190 3077
3504 15311
6216 17936
1542 23102
6179 15922
9114 27307
13772 20447
4264 24294
9331 15029
9035 18940
6702 16824
5197 27035
4329 17855
11157 28447
17805 23578
13595 13883
8853 12573
3353 24224
17281 21101
19210 26773
12833 14622
11668 19439
1053 18916
7864 14909
5986 11999
6567 27280
17676 24383
14347 15290
13539 28101
9457 23571
5406 18935
17407 22470
15480 15521
7562 8988
11201 27700
12300 14278
6884 21081
9538 10869
11874 19400
12064 23937
6636 7002
12143 21213
14239 28986
17334 18501
837 25254
1991 14382
18001 25611
11982 22613
9094 20822
1908 15637
576 26972
9673 19925
7384 25349
15704 26608
9795 11109
5082 16020
551 22884
14826 18765
7706 18478
5866 22811
18786 27541
9351 13938
15818 18743
17701 20462
7994 17777
6113 15625
2948 25210
3175 15238
16046 23062
6763 23197
15168 20667
9594 12818
9043 27612
11585 13518
15205 19100
7524 13035
15436 26231
3232 12664
19811 24034
14773 28688
1328 27883
4616 21678
1850 17468
14694 15045
13731 17110
19012 29712
7226 12203
19268 20801
10522 14878
2952 8945
4145 5865
1772 4500
5835 26759
5598 20071
4980 23230
13401 16326
17491 27925
4569 9049
16285 22662
4561 5887
501 10151
6795 21097
16679 18171
14523 29028
16320 29723
5637 28228
3659 25600
13221 27939
5522 23493
2371 6856
16608 23344
20000 29586
13702 23941
17391 29276
16005 27602
15061 28717
19055 20720
11716 12202
4309 8537
8428 10144
3210 5992
14243 18816
8680 15800
18448 22327
16445 24966
15970 17777
15257 26234
5580 17684
16199 17487
16335 28339
18076 20176
5505 22943
7627 28982
4610 17228
6869 7756
11593 28539
1768 5315
1151 16521
9304 13033
13594 25410
7365 23582
17921 20842
7120 15818
9450 23949
12599 28652
6415 6951
2317 14742
9896 23264
2503 15843
5489 17322
14500 28318
140 3673
15551 27290
5371 24276
15939 23743
3622 28830
3472 25054
7775 26382
6466 23865
15666 23774
3055 26093
14986 26608
18326 25639
7565 26247
16529 27673
17976 23329
5810 29886
5909 22120
3691 25502
18996 25383
610 16208
172 4216
6628 27392
16061 29681
8858 23816
16737 26372
3474 26226
3393 23748
19807 28360
13525 13915
9402 21431
17029 26534
18751 25543
7637 22489
6256 27746
16099 16915
18109 21638
19154 22668
6084 29871
3495 5835
5116 11554
9506 15397
14298 15097
15868 19058
7293 27125
7855 20764
8515 9449
11120 21440
3698 22264
12556 12580
12796 19504
9233 12930
358 16528
410 24128
19920 26372
2139 8164
6800 29990
2546 16054
7415 25986
1108 2642
8128 25055
11581 15467
14421 22170
11095 19572
4187 15245
1488 23882
11597 16823
3529 12088
7832 14829
18072 29850
6484 28583
11936 14967
3438 19726
14325 23025
5197 24177
11512 20838
18643 21421
4175 10849
3679 6973
8769 28886
2725 10838
9008 13356
5485 22386
16428 25509
4008 16973
10051 21546
14252 18846
2694 24129
610 4075
8635 11037
1560 4287
298 11705
10630 18506
4445 18741
16323 17418
6790 7315
7366 16001
14164 16517
6441 15793
18108 18113
760 9281
18474 29098
18561 19960
13669 18249
12871 23187
2831 8517
14835 26668
4253 22239
2819 14326
14020 23062
13157 22736
10037 17057
12506 24685
3955 28973
7766 29031
17842 23374
2832 13002
5097 12923
2904 4141
16538 17648
3126 24502
17757 26887
19770 21752
6810 17543
9467 25535
865 15943
7133 23304
9381 18813
604 21024
15242 29157
17827 21777
14845 22776
8481 23554
2063 19822
4817 18181
7252 15800
8027 24784
11930 15456
12139 12393
6918 9098
4250 16130
9687 16034
12159 12670
18061 26855
8771 17650
14862 24634
17609 24967
3893 21364
18253 28399
568 3090
7166 24887
17937 20012
13265 21028
8867 18056
11091 20449
18462 22634
13494 25608
15652 29962
4350 25623
6871 16922
19399 23226
15673 16671
3356 17173
8517 13322
15672 26478
5645 6602
7732 20940
1611 18589
3767 12925
12435 18234
18887 23208
2035 4479
499 1383
6520 8626
16084 27401
6340 26319
17001 18694
2080 11241
13775 21969
10635 27776
1456 15377
3325 22521
13568 23028
19840 25685
12446 28701
6931 22949
2849 2880
4966 27840
13863 27916
9776 12578
18025 25004
10252 18046
19029 26967
4506 6288
6299 12771
1386 15140
1901 16090
15140 21606
9111 29830
6842 9552
19284 26973
12642 18230
15678 17360
9066 19197
10986 18435
7200 23067
8266 9329
4989 9512
3433 12903
1157 25484
10981 21926
16455 22524
7283 16141
3080 5395
8171 29755
7606 19760
14216 20017
5049 21979
2314 18582
6621 26075
2058 25299
10783 27828
