443891 444711
889079 889815
605994 606842
533420 533740
91225 92224
542516 542537
561233 561840
599811 599910
100618 101336
714609 714722
790009 790649
344195 344824
174704 175086
418685 419285
686327 687144
635370 636340
922101 922135
93313 94271
953332 953869
109011 109616
661803 662579
261507 262042
32947 33513
222187 222246
393210 394108
50410 50500
800123 800490
501130 501961
750501 750581
390894 391864
443373 443396
415950 416073
97868 98255
806962 806992
426017 426122
943402 943734
574781 575636
375741 376264
433561 434083
467400 468272
157684 157864
731474 731996
38492 39154
978086 978542
751250 751593
469331 469763
669280 669920
129063 129507
560265 560639
282687 282868
222283 223258
477833 478082
521142 521703
576598 576837
147642 147695
616936 617073
791794 792644
715242 716154
994612 994685
219070 220007
278293 278726
73748 74499
105210 106133
514945 515480
331084 331606
334265 335014
392085 392832
700531 701111
409626 410496
338519 339099
433122 433929
260162 260599
829694 829754
661407 662273
437318 437951
485667 485688
989979 990320
398944 399130
233369 234340
288825 288826
170442 170994
210468 211326
215304 216100
893520 893733
633218 633849
121383 121898
586826 586977
492957 493786
327382 327996
392308 392562
834254 834659
526895 527073
235990 236459
675558 675999
273493 274054
444516 444564
384391 384451
288855 289128
540427 540431
678314 679078
338914 339545
926104 926633
59733 60302
261415 261946
785258 785335
986940 986979
745926 746025
583634 584171
873999 874357
707498 707803
128113 128609
12150 12335
315676 316070
609550 609673
79778 79996
491065 491311
805303 805676
968239 968625
801738 802720
475112 475290
388082 388173
500092 500895
901617 901763
671817 672081
736744 737649
873376 874110
998829 999001
698005 698360
54695 55093
757746 757926
896332 896335
431153 431679
952640 953246
745567 746010
446295 446337
502855 503495
327810 327976
767378 768165
55700 55989
495268 495530
227120 227821
283680 283978
105380 106009
455405 456165
925631 926486
251718 251840
474036 474912
791856 792795
675894 676171
461381 461992
675333 676007
512414 513268
155580 156164
410178 410887
940931 941180
602636 602671
72863 72993
563303 564008
335983 336763
526765 527512
766490 766828
163000 163273
50171 50221
989766 990610
74900 75361
493238 494199
222160 222387
508635 508846
132838 133785
667500 667637
273694 274645
170369 170961
956 1547
808094 808986
530028 530813
266811 267210
181902 182647
598485 598663
210321 211179
990958 991843
501424 502303
882518 882757
261788 262396
355806 356523
502892 503761
466020 466807
106272 106677
231091 231175
110388 110663
942967 943860
412664 412997
211239 211740
568613 569585
321453 322023
540877 540930
553895 554284
235823 236507
194741 195500
365126 366079
226960 227804
656204 656350
675709 676077
138724 139526
721065 721458
248938 249810
475726 476055
25584 26571
902127 902306
236193 237123
650233 650542
86886 87012
932772 933616
579713 580398
17888 18376
237290 237728
741973 742437
972103 972365
922760 923100
881677 882092
652767 652808
213492 213795
802905 803802
721845 722035
265470 266337
976478 977431
105416 105496
585923 586585
565536 565619
690355 691118
896506 896582
768364 769129
187610 187707
120729 120765
128863 129640
193614 194246
545454 546173
80713 81417
300115 300770
435715 435761
728173 728212
8138 8315
893945 894159
259112 259577
3002 3371
596600 596930
76830 77525
403203 403709
839856 840531
127289 128123
307083 308051
643449 644171
278142 278785
519782 520459
280657 281230
599477 600210
955105 955274
54935 55348
307471 307558
18480 18653
824633 825029
252920 253090
894276 894631
707118 707567
835529 835564
162577 162706
728492 728730
711611 712327
242995 243038
192872 193196
736579 737094
455955 456247
903196 904045
895976 896721
950546 951274
943326 943951
354206 354471
552771 553104
263781 264200
410867 411085
599611 599657
867728 868476
698256 698448
351181 351481
627745 627992
22167 22291
40412 40708
132381 132574
309277 310158
969587 970083
781244 781269
463172 463492
643689 643903
386728 387184
519914 520741
197739 198008
811016 811863
335408 335637
52121 52229
98128 99085
156632 157017
495220 496054
198497 198976
148374 148486
170408 170690
752749 753621
375294 375369
417091 417819
922671 923447
91203 91976
26025 26516
317277 317355
91403 91662
571910 572751
121768 122267
690490 691443
932130 933118
520591 521557
111973 112972
965318 965953
887767 888220
362411 362924
880962 881686
391428 392146
399423 399774
692638 693116
830987 831647
439178 439484
463567 464041
224526 225058
705033 705147
993363 993658
628601 629046
164840 165455
645347 645544
915904 916661
707130 707301
528666 528715
908019 908600
875303 875650
171103 171653
995787 996232
336054 336416
587940 588537
711916 712034
989242 989559
542016 542147
5594 6129
613008 613951
29447 30376
702182 702309
794518 795393
4911 4928
493506 493931
115125 115212
834499 835363
378208 378263
328085 328421
151249 151407
319780 319935
19114 19697
854527 855501
781243 781784
380992 381609
422089 422649
865848 865867
593548 594238
640031 640526
867721 868255
416930 417446
676482 677213
722966 723854
41622 41953
746819 747101
152891 153395
71831 72628
451100 451266
207199 207437
714183 714318
123660 124586
222537 222559
172414 172717
768954 769558
154736 155203
172614 173403
289742 290271
413718 413768
832963 833345
268917 269757
288421 288483
5134 6075
262377 262560
780928 781322
361022 361351
930112 930394
521012 521900
423697 424452
170224 171174
120101 120331
802023 802441
222196 223135
98830 99061
768314 768905
867667 868661
148332 148527
422152 422841
133162 133937
292673 293183
64945 65438
909371 909622
519143 519916
475982 476582
855335 855466
574711 575619
624173 625067
285184 285404
56013 56318
269271 270179
968967 969036
367999 368568
442255 442450
901145 901594
419977 420110
394730 395651
541242 542050
174932 175593
95727 95878
45604 46036
555847 556002
922871 922902
205058 205275
136125 136640
448701 449546
644914 645608
605686 606652
694005 694627
737121 737599
542273 542905
474236 475057
218125 218850
152947 153390
625088 626069
555203 555334
999324 999942
917674 917815
292733 293581
729385 730051
977765 978257
133045 133896
499084 499732
548712 549062
190068 190603
759157 759645
488277 489123
924930 925593
624543 624852
699472 700043
38614 39469
30996 31395
832327 832452
279569 279898
411910 412803
326919 327127
615249 615990
355936 356349
247049 247258
590523 590776
693581 693737
512543 513181
714538 714641
125393 126177
416645 417017
422199 422797
619984 620204
353982 354650
895834 896497
3555 3664
782933 783668
332423 332965
690184 690537
275055 275947
599574 600431
995398 995629
425907 425960
145283 146113
149993 150022
638867 639169
29985 30445
718423 719024
464950 465394
691737 692638
498928 499830
98677 99655
823273 823393
767367 768152
71846 71896
416579 417426
401973 402210
582351 582373
130458 130707
154848 155265
815490 815734
532203 532326
862841 862964
423565 423598
434704 435268
278764 279236
47554 48264
644094 644754
54974 55274
670304 670822
776169 776937
444846 444920
107845 108392
361307 362069
529837 530596
345394 346197
701 1037
586498 586562
513156 513880
23622 24340
589906 590583
98096 98855
108366 108670
27585 28399
210315 210484
621194 621652
541989 542289
647855 648053
636424 636675
307789 308205
968099 968482
48866 49721
481277 481439
81387 82004
225092 225542
5730 6207
624451 625143
324737 325359
569008 569100
862590 863307
23207 23578
678513 679417
672417 672850
79816 80792
262724 263433
213527 214058
395276 395626
1198 2138
805981 806225
294856 295725
855579 856358
840974 841143
21353 21659
490185 490415
209561 209920
897148 897635
677785 678299
369033 369150
190242 190496
323258 323827
42634 42980
511466 511737
691844 692252
7228 7311
300162 300547
308944 309747
347513 347777
661309 661382
613715 614017
415970 416628
76280 76553
492719 492978
700493 700889
658736 659456
211402 211593
840935 841131
73708 73980
84846 85648
495700 496183
154489 155250
721774 722211
146580 147046
476435 476808
150697 151033
331075 331196
919534 919633
324270 324662
216341 217253
871647 872092
192960 193892
86153 86629
632980 633365
458453 458814
862598 863482
64594 64944
920278 920404
708023 708466
551717 551932
651546 652006
443079 443557
154088 154652
311896 311948
641751 642063
66557 67546
757886 757992
545631 546406
760844 760906
416151 416746
643841 644123
712958 713367
737322 737939
481796 481967
248537 248734
27915 28738
718057 718916
167990 168470
94707 95402
799904 800550
243326 244100
627704 627844
760045 760749
712819 713251
145316 145717
849636 849899
910387 911086
445646 445978
972868 972888
663162 663169
473560 473695
353784 354299
353552 354117
32742 33571
857287 857903
456336 457317
238854 239019
137015 137700
15662 15747
692362 692906
436251 436699
84195 84201
937941 938012
748536 749046
87126 88085
163821 164386
29866 30517
751770 752146
539514 539559
422115 423070
166589 167099
823417 823445
588581 589302
87454 88066
200426 200929
641938 642245
59925 60162
60674 61146
983647 983697
888771 889315
88080 88231
23779 24385
217383 217803
62763 63557
514189 514423
464066 464933
921269 921435
109735 109864
658244 658996
464684 464807
335615 336238
680347 680414
262689 262699
142912 143302
145685 145914
847674 847727
155545 155991
985094 985409
17851 18378
739755 740007
527499 528420
193954 194485
646441 646502
453771 453941
313608 313844
424333 424452
135342 135547
73544 73725
784553 784820
170894 171715
887606 888305
527858 528175
758127 758647
243495 243583
110492 111282
79298 80191
734605 735031
245071 245491
596910 597416
473582 473836
192958 193341
236302 237283
303172 303624
965863 966003
401817 402415
663670 664134
167993 168456
656866 657602
487192 488035
986871 987657
980776 981091
799540 800026
970600 971031
561308 562020
371903 372406
139373 139428
417252 417694
798346 799148
535832 536386
885227 885549
845999 846593
695590 696402
557425 557480
311337 311741
64177 64179
151283 151900
290391 290455
963951 964267
619258 619755
693513 693988
643112 644003
325902 326604
625800 625998
466626 466964
91052 91398
628298 628909
218890 219722
210851 211733
684273 684627
292919 293695
306497 307300
642442 642505
546019 546631
215559 215993
390453 391206
342770 343651
79498 79646
345285 345745
189712 189930
174126 174197
944372 944526
159110 159244
889073 889723
325726 326193
7654 8416
601698 601743
762314 762661
595847 596780
578266 578967
252528 253192
914532 915151
500211 500422
549674 549871
993434 993738
514513 515509
979522 979807
954013 954485
529323 529623
959832 959954
144980 145773
81383 81416
221694 222449
552780 553457
702099 703009
694060 694668
214123 214782
497172 497532
634822 635653
258429 259201
298422 298570
398143 398193
127263 128022
128011 129005
638171 638725
965217 965866
125834 126136
772774 773566
477241 477738
480014 480351
718707 718844
743096 743401
890183 890639
601192 601734
743780 744735
243243 244210
363730 364618
10671 11048
132009 132969
606986 607866
671020 671990
9242 9810
258970 259751
251750 252428
121275 122137
477823 478455
374805 374863
65773 66568
845483 845764
256338 257300
727526 728411
133521 134100
129782 130355
97066 97757
269496 269699
488898 489051
43473 44070
301567 302068
950361 950549
741587 742541
560549 560985
727676 728259
469977 470371
18854 19370
385878 386270
773513 773965
898333 898465
258370 259224
5651 6406
948793 949064
298411 298720
549510 550066
330509 331472
824440 825105
987189 987883
306178 307175
880292 880297
355269 356194
398613 399489
819230 819472
244036 244954
843083 843718
535138 536077
759544 759868
234241 235011
158741 159150
93740 94245
207693 208273
110930 111565
110558 111135
786781 787508
134412 135383
714505 715410
50872 51531
221258 222111
937970 938701
950426 950875
706525 707046
263401 264237
199748 200362
598780 598895
706500 707061
247991 248167
589496 590277
33618 34237
787550 787584
634334 635239
717039 717128
691429 691926
313049 313207
790520 790705
64341 64668
177645 177724
685549 686211
715498 716025
39293 39894
961149 961331
280759 281000
638520 638572
701234 701909
853 1159
605764 606605
246016 246475
143618 143907
287807 288448
323460 323759
311661 311696
130425 130631
98666 98814
73057 73613
45859 46729
389332 390246
225701 226582
624733 625114
578066 578218
702885 703716
471675 472393
801530 802155
843327 843958
471875 472079
952383 953169
740740 740881
531966 532873
942820 943056
518055 518591
398278 399194
440075 440644
954159 954412
443033 443911
215864 216416
163078 164013
301341 301917
57078 57346
357539 358332
324823 325735
389860 390578
357144 357628
761289 761297
13824 14039
660764 660820
768484 768635
547862 548639
845233 845985
877989 878952
524314 524802
471662 472302
251321 251412
234440 235010
564295 564772
450103 450617
49152 50031
473957 474865
894574 894848
200004 200044
77026 77345
387648 388580
960021 960560
740012 740214
609232 609833
733208 733682
775005 775132
123637 123724
540076 540149
470191 470413
99725 99952
332496 332799
343635 344468
261985 262342
229269 229392
811610 812324
232227 232307
109670 110095
342441 342942
767246 767424
577842 578459
785540 785767
532067 532137
807228 807395
513172 513574
582289 582818
467397 468252
936311 936645
846295 847109
599135 599547
495507 496383
214882 214887
991384 991748
91214 92174
413378 413954
740425 740447
176098 176401
336435 336526
825308 825673
949284 950170
935522 935956
306249 306631
756152 756989
122172 122389
689039 689513
576370 576866
90342 90888
845234 845666
644826 645715
355836 356811
515347 515409
120907 121180
204 668
352044 352594
986292 986385
274426 275389
873474 873802
923636 923660
566535 566581
752473 753001
801936 802450
207931 208139
98743 99070
226225 226482
109708 110171
154311 154774
768789 769341
751907 751938
481871 482418
