984534 758969
765396 74636
156468 523505
9437 102751
889407 365727
949733 716384
368635 263182
468758 40867
601680 55357
275701 614305
909108 711983
284429 171367
442699 109878
742534 700163
305656 108502
836575 442659
135196 776788
296967 658323
548575 375060
135118 831554
92946 795328
340371 11500
43013 412019
808798 409769
385707 10078
691816 66517
807875 46696
498826 2007
832731 554466
811632 36440
371947 365602
3082 953261
583554 422374
219880 482189
185691 996679
532538 342691
537023 719599
934491 95416
635074 184710
427505 51142
150507 106964
228922 197657
618896 479105
480199 121042
466264 905795
844354 524169
487970 294287
489200 311922
297176 575329
649442 825805
405958 883649
520936 305303
919629 980241
871921 768891
231556 376440
83483 336183
375915 299662
369137 850282
380798 231968
790304 541500
140424 260774
388583 633414
554272 512802
822961 499917
543910 646151
385157 7059
635746 280577
246579 781967
209236 378172
211891 689331
116955 219876
450891 911537
807919 825381
776206 725862
886714 617170
337392 146504
599689 821178
876167 489804
19735 779263
8574 56123
94646 946955
709753 461613
843567 283404
180352 507531
708871 263266
48447 251986
120712 870536
572105 620012
262979 822584
939464 283010
433416 611840
362372 860510
258716 264530
698789 628574
283056 630364
880040 799720
77704 744321
58756 890422
354818 195818
611949 185180
375729 946108
64024 116574
308215 338898
163182 598225
332164 489123
369673 814017
16246 381596
900438 391728
210815 176749
923137 921409
250024 946901
154397 442564
212908 466138
95535 216082
366374 643841
247994 100315
788269 942486
771872 791956
740714 809711
198342 739709
895317 981568
911270 92729
52391 223563
405343 12758
822353 598571
901681 406794
608633 185443
990813 347381
729224 665509
641573 354464
278162 444568
607641 573995
107811 637906
36325 124423
204305 256691
99885 745402
755133 803234
811648 968305
745397 943362
683177 321638
367521 132643
965981 519064
449789 363170
249823 457775
409356 219328
959084 362381
402864 59564
631734 757163
599558 496883
832518 218207
880051 494158
918387 778040
278354 581917
716107 791139
227349 502181
230720 39404
176584 450539
504826 436383
623256 779268
251232 665411
101883 412819
883518 418628
425976 116222
309766 88578
162173 177873
577259 103411
713302 529457
216281 913527
750006 718871
649622 14557
164585 340316
966732 760444
132970 320144
638423 667316
89596 962294
869173 650658
700027 598744
847697 994569
331181 146369
679866 876836
436188 847609
12893 841593
210984 703387
16103 239763
954195 955450
821253 598665
580332 237857
362354 871233
820217 6315
644834 873657
75768 724596
180303 192290
526302 305922
684686 785677
572467 457930
946044 693951
81265 350400
808629 850577
791304 905858
572173 864105
237435 499153
822122 948630
315951 151805
326455 568992
41107 110430
779332 822261
290285 211045
879124 265991
900347 681208
533432 201826
453875 844873
372690 321743
698634 608513
872815 545886
428436 333613
673323 820801
337998 206501
167814 240104
306684 446102
951051 250839
797797 316593
442615 902113
537039 819029
646046 760368
624309 882100
35424 456390
459345 403664
74431 391094
122913 566814
334505 362818
145067 443196
779490 697443
14486 627413
807431 622802
513557 633943
362322 278716
845593 283527
681662 423753
668834 309519
86157 958452
308539 195137
24674 694303
160087 46059
988289 932985
73609 477517
994099 887166
713703 840049
14459 435464
570482 395217
805760 327901
258938 772571
610898 981673
95573 960083
550179 447555
414464 717943
643452 894180
459876 322461
409113 755747
65610 158317
248381 838964
457039 341881
89099 810601
165882 218944
632104 803683
691370 909453
702381 950326
330069 42477
337305 716466
432844 243499
822253 849038
69620 137878
49405 20800
450066 224922
163685 374137
58744 641334
601848 315584
886017 150182
198356 517552
977823 602506
589004 431174
418038 10476
373958 350156
842788 466867
83906 612706
131885 16908
639353 69397
495268 264671
191175 501972
180205 378061
538757 852186
922985 621342
388514 828994
789288 640962
456577 308952
422177 233535
637908 81789
857146 230469
713722 669856
181488 179768
373983 154505
279340 150488
552906 144186
821995 613183
849050 523364
775896 870650
824525 593813
526366 199090
40427 13025
985576 581067
781378 332587
950620 536098
417054 87997
576875 721985
567051 878897
303157 155150
594510 400310
240663 410199
747708 448707
442670 947300
853002 74317
553432 209544
147674 579115
747829 354449
264255 54493
118784 786612
427800 689909
422792 952277
238015 20005
958120 319390
435129 180393
893103 769299
411361 458519
972161 945790
688142 276264
772948 134622
344669 135111
529245 530474
983369 902743
862088 767753
384496 23559
646239 299892
654299 586921
417704 331211
200201 484228
775283 550295
890285 692988
792418 620505
528719 196543
839939 359047
348852 183856
393522 74132
41656 161407
192815 660166
299192 762079
263485 395152
285362 543150
437414 161822
701140 529686
162178 457667
68197 143281
209534 123642
557722 343442
937421 439225
534796 19572
505062 608336
148458 773514
284319 54138
288655 72279
578211 257836
137150 929384
807085 725671
538647 937690
786477 855167
227633 84368
222376 881389
830876 894459
65698 384351
265776 172852
523995 151312
918425 254807
821064 563721
132198 562249
418767 598135
605450 855952
668032 998646
115579 289124
694403 703839
201960 579222
763931 281245
346970 662169
24852 284245
875765 215951
729290 884944
5505 229451
12451 433635
648169 316950
858079 451519
458313 569338
418746 181027
128230 913356
920220 19390
961305 3471
832872 591467
937740 290203
459754 263759
708371 447300
702399 118953
531202 661703
716911 912736
951689 711484
282224 15754
376695 666745
821934 178195
1003 673168
555150 52603
435620 747255
740934 308977
626143 360164
320870 437422
381863 330958
456720 938057
415226 956999
361894 694092
18277 478319
994621 643069
789272 584340
830836 914964
136540 556005
755603 232609
28885 369292
446151 697095
524899 783771
225863 232155
862898 387611
892574 471499
734902 442351
414764 163185
406944 332308
688394 499355
947229 976958
125796 955195
681206 398788
731201 766754
295811 620877
114687 476969
481853 482163
882515 370495
117998 426327
532172 207947
928198 571048
337823 554651
500117 989232
522933 439513
792552 537127
660299 351263
114041 952594
323304 2687
948384 875882
36229 851912
840124 19499
233924 341383
781726 488569
320300 731108
633341 123868
886934 80878
266334 456497
646866 395217
653888 808375
896631 260732
211087 234119
660601 102232
576100 913120
531065 800798
472168 304449
731463 157122
763708 785562
514519 167090
544160 111685
641796 703065
127146 169906
642250 461111
52583 475005
602143 310835
431260 14648
736183 403304
927687 9470
449182 694930
556087 878433
238980 293876
341004 635498
337595 144061
403423 537019
586671 645584
193367 698183
803540 930938
354696 900340
234294 132974
733693 206398
795900 501113
424387 750848
402669 288182
712481 619281
612364 675374
230753 730796
744811 195452
317557 558349
393301 9389
181162 138279
187658 485747
986890 68676
22778 890777
167989 427902
734146 64987
350500 20378
950021 68868
16581 657133
471231 971316
723270 183451
857694 383771
565601 114241
270925 279148
565742 32394
223471 215980
768611 981795
777431 197095
973832 635306
150131 202098
873103 718950
129153 919479
585650 523961
578416 469875
958611 681792
727878 900737
339032 611686
767308 647899
752546 759361
396620 63464
777752 825718
109759 956594
965865 846073
817836 475481
752656 480142
298145 314579
102933 300130
670616 646533
146050 405828
776636 485733
117544 44760
216345 611176
724670 2524
278801 801539
278655 603683
496865 258249
260153 571840
697185 597450
735588 578951
199704 352701
296040 766702
48680 127912
726566 736755
15363 208788
129217 443541
232896 884513
462866 107985
353986 764867
463581 947198
338052 73405
330485 305226
62069 434559
984687 415709
9521 5966
576988 533362
567145 353966
259015 713487
782457 687411
127170 618369
547642 871756
6297 887404
561314 645240
519217 185195
239843 169468
78642 866263
247187 694073
971095 929529
705669 826548
388640 87577
702921 539030
809827 81519
823178 720293
749647 873327
543372 419327
694111 66565
598259 801822
250326 977279
336360 853273
442491 878645
134577 48661
351147 118440
370165 170378
968232 405026
527651 570348
435077 920599
564918 39816
688328 589404
294843 895591
99223 428816
376574 753557
336689 439338
199512 652806
572525 903661
165453 467768
841374 435813
585692 550336
406609 90000
663108 297686
116377 827493
583550 160639
91834 27078
532982 51001
348521 984086
141287 262893
50443 113629
513395 558049
115567 668564
125978 189227
128652 887905
627926 91478
481769 817512
52742 501041
158978 146503
233572 636894
656294 229328
42039 161861
104323 238086
517693 510352
810609 467077
405769 96556
119179 273170
782871 902425
976275 131572
92427 145159
577909 873801
216832 518855
685030 902181
243924 34415
658515 35749
455617 897319
161268 589284
90226 162900
108841 282169
954016 383719
849954 190148
316011 952356
378938 964063
545739 317638
462301 883905
853558 87117
497379 171922
150829 868396
360773 415862
744504 964412
816640 866021
770255 276402
914905 973852
701367 426863
893968 448600
205970 253662
875938 700766
351541 976470
8451 388506
386500 662195
246927 8395
48555 738615
868705 892213
574382 237632
604116 927717
882421 584971
370461 158352
113252 151426
148845 551634
748466 127675
61511 197236
29363 227102
110472 605922
30636 164352
750267 833158
852270 745574
60601 818146
586054 157646
469417 368561
445229 776827
564800 570569
813393 154366
965771 291852
912014 695414
747311 699812
191164 745450
144996 634914
848178 686316
705708 2654
330075 602260
797856 109070
449879 524436
333167 293650
475521 511027
803984 831548
716023 366538
898344 837253
666608 923758
614023 940025
928142 345437
632229 272502
364773 277360
761657 608628
351636 711184
26439 268865
804547 526756
333327 188242
896911 309696
131745 832826
988875 499342
440934 974935
970460 820103
28712 702881
529448 949666
457039 410422
219142 469791
3290 464100
957792 269342
352751 717322
57947 319268
641587 871484
32432 327281
822705 126619
716480 819357
126936 650581
672527 159816
479150 535400
993898 797651
406922 249279
634268 888076
71251 300853
961163 465862
969333 344354
348641 148769
506581 24933
532970 560081
344395 144573
546489 311527
450634 145128
418913 260334
748215 12529
178314 818438
225971 567547
139048 806038
860364 253843
91869 833315
758489 378604
253519 437140
938512 493951
168848 758938
87074 202779
129745 451861
690957 758138
563545 52696
988593 791090
863622 70945
955937 980418
93811 722650
418438 847799
792054 906740
330279 176851
77030 694668
586759 143713
414505 605429
840185 71445
309481 890310
557835 392735
72783 562627
28479 399591
510314 746606
295850 868519
434543 164499
603071 201223
559424 674254
571717 284486
969003 32903
626821 209877
656951 181908
607096 372964
996529 363654
442444 795348
791022 47333
922863 508248
502277 980407
560238 927931
212722 469489
854205 707103
866710 498180
474426 10485
924558 937376
744092 308638
751266 260508
538125 762548
695385 953928
348783 759412
405608 54455
834035 367090
705068 910320
760271 241352
198441 241425
142012 405399
357959 518700
964239 4795
85252 490552
143350 511617
205858 778942
334705 114308
479908 566259
319911 69334
37500 778865
286944 705241
101912 321691
880889 134210
857571 564597
540010 8528
894858 590775
876650 334839
902525 717651
454997 726574
512138 286343
695474 863062
643920 274418
703889 502723
989013 44580
645340 910910
162086 294168
723615 867778
815913 647691
498135 556319
696311 998793
219121 235070
633206 36728
816939 972412
740900 397508
504503 632527
922636 280619
584927 906750
226836 855072
24623 413266
610430 666738
901932 503287
404754 739927
295382 829665
580435 708453
262450 638034
417814 66044
359854 419039
243428 400144
892210 861016
797603 209503
827443 412043
794142 245209
221979 155949
638784 782966
780348 391499
65219 57539
869141 195544
577839 26150
713732 204007
762662 556414
861325 327407
803606 206714
853157 721533
699303 304382
232822 431153
89534 63165
171277 787981
297067 772383
221476 958311
52963 688717
127149 789254
282509 117928
676932 753419
110066 506751
177410 748095
751424 90747
911123 488736
328785 741202
50524 226578
152738 115109
415739 524169
240825 714587
222640 738238
484376 15329
324434 43782
635505 745491
429761 191822
358640 363387
972697 655066
604699 805360
571156 344043
41658 513932
685736 599181
577891 483016
169250 599798
87156 984864
922368 919675
399535 447067
380866 966899
642977 860389
983105 880423
775976 645869
49824 67562
397286 775690
550280 909038
290547 878982
620474 443803
110381 180048
641410 222436
929335 673767
420324 462228
790081 890766
428323 168175
39765 982752
566445 930577
237321 591373
558160 965093
531333 541399
103364 557488
619403 82335
833402 966591
669184 531715
822005 898724
118859 647498
766219 9535
755096 583131
798299 847927
132556 46120
502520 328569
126477 222850
961040 447971
194075 127871
882652 924682
942507 380388
164346 879204
585012 145912
441181 237949
283641 101499
852904 652271
424136 975429
327227 228838
417792 77973
955689 336720
897744 459645
294019 903104
806309 153600
729215 362058
730718 42903
472168 957511
748564 845725
468597 533677
18378 589056
916903 252094
946035 888297
85582 770905
135822 752994
935547 179605
507512 526156
276110 293449
331251 650163
324236 292108
545425 493531
944360 695644
191194 301501
77535 762591
87227 37280
541271 924619
406952 241359
437183 237955
218142 645762
7574 923897
893923 902809
815994 437940
941868 542150
682137 355784
899279 523730
223403 512610
702432 968581
719870 627177
360370 425879
869426 666021
525782 93013
107250 826441
760447 859016
218186 609284
76944 738289
956062 708046
485799 51082
959803 240946
