1 1
1 10
100 200
201 210
900 1000
4156 6872
10 1
200 100
210 201
1000 900
30 75
621 577
4003 9519
36233 49104
32592 66688
43 45
422 966
676 4166
91583 94370
8793 31331
95 48
276 348
9758 2465
71290 8319
20479 46391
36 8
565 256
9584 568
73126 62168
79671 22070
56 65
114 629
4130 5141
86795 82065
59511 95587
95 57
386 671
6604 8495
53487 94245
96813 73965
35 48
324 200
6055 5259
44119 69181
97427 40141
50 82
305 715
8910 786
40856 5704
82850 16718
42 45
974 27
7267 1929
14873 37105
46174 11686
22 60
485 745
359 6540
72004 60829
32072 85782
69 73
415 625
5387 7324
28411 72594
69380 11260
63 73
856 636
9752 7474
2917 44624
44579 65442
9 100
601 146
5096 5312
69685 13451
46140 18108
32 9
780 646
4733 3166
91322 19495
62112 60701
7 74
425 962
8762 176
78436 38030
71152 39366
71 60
365 71
6957 2812
57382 36641
66263 19874
100 94
334 879
9492 8066
18397 813
93913 80508
65 19
633 641
1980 9746
84817 6767
37775 55968
32 97
779 848
9668 3088
26660 3401
36080 92922
26 80
767 959
6058 610
97377 54454
17774 91289
13 90
307 298
6631 638
32043 87799
67405 86170
18 88
766 248
88 9785
59335 46747
9538 95415
20 63
594 138
2122 8651
47748 69498
9457 81873
38 21
863 444
9418 493
70081 57813
68291 53837
34 8
77 99
4655 164
10236 80342
66910 36125
56 81
287 349
6418 3760
33351 50517
59609 42807
90 46
280 252
2541 5697
23096 32622
19861 7738
10 94
497 886
645 3503
23049 10880
53844 6310
4 99
942 642
7947 8360
38754 57650
15228 98362
8 69
460 87
6572 4000
98784 29667
62973 34996
56 83
190 252
8668 5834
79755 8069
43065 49950
78 20
549 320
5061 3847
41031 93814
61496 72610
28 56
931 987
7742 9502
90338 62877
5521 53311
73 76
445 414
1880 464
61599 61634
28532 4663
35 62
82 483
1933 2494
27682 9315
76308 5529
76 87
184 206
1173 7926
10708 67862
10802 16228
24 26
855 968
4439 3734
93432 16037
51719 38315
51 54
928 132
3488 2212
30626 47521
7878 23285
50 54
471 585
7359 1995
33862 84418
69856 61016
97 80
41 852
347 6832
98937 90130
72868 50656
97 19
661 76
4402 6500
57288 21379
14021 65165
63 22
670 485
3006 5029
87479 86868
29446 57335
83 43
714 275
1646 1412
7106 70582
67894 96326
89 42
596 601
4117 6997
67101 77756
34728 97473
73 90
894 942
4875 251
8322 52353
37118 37768
39 52
562 104
1627 8559
84868 75084
75492 52761
9 81
154 356
33 8622
7353 97133
96378 58432
5 2
821 850
8943 9047
42101 27265
87752 95570
84 42
274 297
7246 1252
86855 22113
56335 62346
25 96
778 378
4451 1811
7999 78155
35295 20728
86 52
729 759
8101 8024
9805 96553
55288 13908
23 23
50 748
1319 7647
2999 38173
19759 59333
70 35
428 1000
3064 4231
46810 57414
52385 98456
42 71
707 222
9729 9160
15245 5885
95712 86884
93 86
906 842
5933 1224
61488 45283
45748 97598
16 70
284 395
3969 4347
98625 67130
48112 67362
85 5
332 644
9827 2412
42155 61423
58296 54218
7 88
404 212
8281 688
95788 36120
45971 57887
69 38
856 352
7684 824
65698 22661
7953 30162
22 90
766 705
2885 2592
15116 75039
64015 73411
56 73
851 11
3236 2483
21051 45375
78603 83373
62 71
310 117
23 4345
80941 2072
97005 5245
33 26
486 351
6082 4370
23942 81197
35760 4308
60 16
332 162
5378 2568
97644 6428
27942 92598
100 3
269 461
7672 7643
30806 84964
76066 27810
8 51
188 46
6001 7269
78767 86294
94818 14527
54 77
894 285
7290 1271
55204 34933
87699 99498
31 50
52 151
311 4723
39145 81116
19686 15210
77 46
212 464
4291 8564
70085 23057
4858 64902
35 11
30 828
4447 4319
31099 39651
19251 35149
48 33
998 199
8283 5660
20922 83779
93127 56959
89 4
204 552
1219 7494
90116 61303
66903 94973
56 37
135 585
665 7581
73903 18115
63583 9506
63 30
990 612
5281 7273
10624 42554
1051 3750
12 91
505 716
4295 9724
26561 94410
7378 9815
34 34
652 220
9518 7668
69152 29773
35782 32735
30 96
816 619
359 7096
61891 47334
99649 79294
84 13
36 588
8228 2682
35663 41140
27091 43041
55 76
326 958
4395 5195
31977 63547
94967 84110
33 96
857 448
5215 6215
37896 73457
73549 53896
2 84
408 490
6923 3987
30171 98938
41479 73614
30 85
789 655
6742 3536
32849 55070
13434 44168
79 18
763 35
6865 6329
87601 61112
79786 77501
8 39
836 767
2728 1759
84754 9251
97048 26232
64 77
16 4
3031 8109
55539 72231
13178 85324
98 8
741 513
94 958
33841 34046
12069 29978
47 76
217 734
7843 4296
60844 28948
83546 57891
31 9
267 898
4765 2649
97358 76655
24880 10535
79 77
594 71
5141 5687
57028 18982
76084 85449
59 30
524 175
364 6718
34823 27559
2017 18368
50 47
129 716
2796 5893
67717 10153
98899 92596
39 77
224 632
3300 5365
74670 40327
70698 50754
75 56
735 651
183 1450
27720 15005
49009 46089
24 58
987 852
9525 8783
73096 17241
58935 71995
88 74
223 764
4957 2522
28128 35979
72849 98825
32 75
832 818
5977 5014
79268 13697
46370 44628
37 94
437 123
6945 4961
60905 36393
78554 19840
87 93
165 609
3856 7121
6483 58335
13099 79331
11 82
657 343
352 6634
39708 69619
26682 86078
98 18
523 34
1292 1819
87346 92197
98211 82251
88 49
344 552
6910 3551
54024 3392
91886 83475
74 96
8 730
90 6359
22715 46150
92329 65748
27 78
917 749
5311 6209
92567 69009
8405 7130
59 44
78 954
47 6987
4505 422
30378 12742
48 51
489 608
5533 4579
38966 94599
30728 47647
47 6
924 263
6406 8587
77823 35324
37595 2579
53 5
722 883
2511 2120
15869 97015
2542 62599
8 89
401 596
5396 285
21526 90714
74884 68605
12 82
262 635
6844 667
26573 91019
42343 64167
97 95
724 671
29 8234
67790 22250
91600 86683
48 7
824 600
4654 7571
89885 76180
48284 81120
36 47
701 398
982 5896
32416 87554
36914 74758
73 63
905 796
2533 5933
48381 96674
88182 39980
57 81
38 532
5333 8691
63102 21569
21222 27738
88 58
84 388
4107 8065
81283 56522
11971 34549
32 95
411 536
190 295
5820 14922
23320 10354
1 28
734 938
8559 1418
73980 91661
52986 95202
98 73
911 481
7412 4369
90898 5047
7242 19220
47 73
614 357
8408 2155
64003 580
97076 87322
33 28
350 18
7265 5260
58436 71244
46920 11421
97 69
446 59
5502 857
27427 56399
12255 34669
70 1
541 583
5557 4301
6089 85911
84880 3164
85 12
843 286
2829 5107
71545 97616
72702 34817
37 51
485 482
4909 2986
99690 92336
55736 11945
4 5
145 896
1639 2054
17196 77727
87964 18427
42 100
590 84
185 9771
86542 98082
67386 59244
98 22
446 382
5255 2354
33368 84945
4689 89103
89 44
160 385
940 4798
95438 14487
2525 99754
14 18
653 503
1202 190
33273 87743
18271 659
38 68
432 135
7901 8687
39489 67620
63631 60529
75 71
573 234
255 5864
51031 65693
20350 69907
98 63
25 450
3118 3578
95639 66390
7672 30261
100 62
780 832
4496 5681
55518 53984
83300 35500
65 74
722 789
8959 8976
61652 49990
81020 98353
48 17
968 624
4619 1085
42201 50257
83826 49873
70 78
234 649
409 1729
10329 32278
22065 9981
29 81
706 850
5069 1665
28177 3072
48006 9197
24 53
365 743
2877 2983
86827 81429
9592 87005
1 61
582 886
1109 7342
52967 27790
95971 91383
22 99
663 827
9300 2083
18491 37476
5154 66496
24 29
101 389
8672 9977
94371 95498
71405 20314
54 58
774 787
3943 4235
33128 73261
88376 29098
43 97
548 657
9323 4847
43739 14166
72323 48892
61 46
821 761
3086 492
54089 13809
92341 41846
22 47
255 896
3333 7549
21482 26461
70810 9857
10 4
705 458
3461 8027
32304 37199
62192 20978
91 5
676 263
3317 2113
71106 77406
5921 63446
3 43
992 857
7290 4325
10405 55123
7137 97566
79 98
370 683
2855 2830
98061 41511
80028 76605
88 70
809 515
3084 9125
43628 44189
52882 49548
35 84
942 978
7692 3231
75654 44449
78353 99142
14 83
540 383
9717 7394
34212 24130
45256 30592
34 96
413 894
5610 2497
12018 35589
46685 81252
89 19
87 430
5649 3779
47013 41302
48227 41717
96 92
752 335
7975 7468
38728 32186
67949 83984
29 82
79 542
1575 40
11038 49945
35629 57722
96 17
393 634
898 4041
53764 7910
51694 18342
79 89
934 730
9823 2908
27549 14903
71445 95498
38 74
179 668
9115 2106
56059 86504
52050 91687
25 97
155 617
3230 6053
83009 86994
30314 51055
87 92
543 620
6373 5718
69527 23922
50620 40972
19 9
897 597
1876 3363
2054 77934
69866 54103
73 42
51 479
9411 9633
69883 18771
22978 197
25 64
840 368
1284 9213
65085 60810
33134 32056
33 4
264 381
2500 2491
25743 54554
46776 11960
8 48
754 59
6579 8164
14691 66461
96934 54020
9 59
683 201
2478 9966
21413 77562
67128 70898
69 12
801 584
3993 8652
9074 86087
79557 72201
99 17
301 152
2327 7879
51315 63369
84339 64600
88 48
710 70
5900 187
6036 17312
54100 73163
61 68
774 713
6651 5118
85716 62076
21205 65273
77 3
189 577
8754 8515
73455 76420
81883 74145
71 70
844 81
5339 3743
65267 37726
71054 19367
40 66
434 366
2678 2437
53483 54746
14512 91039
18 88
993 558
4364 8098
57424 77818
44517 39306
63 88
927 806
3320 6617
79901 88586
40695 50954
52 34
272 738
6299 8301
76174 56134
83046 90685
72 15
473 165
1972 188
74614 99395
54358 19131
52 20
370 330
2477 689
29299 28729
65626 69993
83 78
926 306
7315 577
99958 89840
13062 83004
24 85
418 348
6749 742
96536 41363
76488 50893
45 92
564 566
4221 2392
7606 3519
51121 73231
63 55
808 141
8812 474
1069 18769
66665 14130
72 89
714 542
9888 3815
97635 12775
31529 74122
19 25
365 582
5290 8938
92326 62895
32456 59798
25 71
304 285
2811 2115
76110 83879
77235 42775
8 59
315 73
5900 2554
78887 29886
35329 10415
59 47
139 724
5281 6780
87661 77606
69674 36468
55 51
138 58
7787 4300
35524 30248
74530 12758
22 89
116 688
3962 367
18242 72848
86604 53570
15 63
916 753
2038 548
57885 69698
64505 27558
17 59
60 7
1668 3846
4658 63543
34094 79188
1 67
76 768
5507 2037
57487 53748
51237 44090
17 51
52 584
1955 3089
79484 59839
19138 43988
97 7
247 808
2013 266
90006 76670
53809 40451
9 61
269 285
7228 5775
2321 21066
69522 53557
2126 2714
65648 81609
82552 1137
6108 7507
94460 62465
40529 64620
15310 71694
95725 84831
1426 75437
78106 83977
