6790 32456
18825 28437
38829 40093
20150 45998
22230 30092
37360 38128
42784 44216
20190 22480
10483 41666
4964 42917
32708 46680
34259 48859
20455 26570
20443 35342
12795 37863
4873 20998
283 49787
15018 38302
4556 18099
9792 19732
8151 19419
24594 44871
10875 26147
23691 39015
28738 31494
23428 46592
2244 28715
40946 44223
12248 32401
25107 39130
1689 27530
4695 16519
2158 34239
19576 42145
486 19719
26227 49772
21995 33088
1564 46534
9349 15656
21914 25368
13869 45386
2365 23455
22591 23564
44659 49122
44121 48942
29990 32394
2253 39187
9243 30031
18195 26761
42982 48541
22413 44494
21765 45519
9570 30192
957 27964
30554 40425
3822 9899
5960 30457
28888 48600
3341 5314
46606 48631
39479 48195
9504 21530
182 38389
31786 32161
10056 37442
39746 47989
9404 24560
16635 26112
4029 25438
27095 45731
10229 41142
23657 40444
55 35333
5021 24650
12537 42214
16367 36782
15072 22756
14974 21701
11058 12483
13991 40562
26954 44698
24077 45732
4629 15441
14921 36598
16750 42447
23446 47648
26736 39956
13056 15041
6888 22590
16288 34689
28686 43830
27720 41567
5891 14738
5735 7126
23075 27407
19291 45988
8569 25946
14556 48297
13518 39760
1855 24944
33122 48261
6431 22211
13497 49294
36564 44588
6651 11923
5072 21000
3813 12628
31383 37976
4875 17166
28896 31511
3397 35044
22162 32136
34329 43426
30022 48457
4707 49970
9155 11034
30950 39538
19008 48376
7043 47248
2592 14042
17107 18240
11122 32999
15296 41876
14083 35222
34900 41203
11768 20394
144 40587
9214 45715
27756 40473
24332 46530
7210 47045
48149 49943
24202 31660
31906 32248
5295 14519
31816 31825
2190 32719
19106 21997
14941 24905
11580 19759
28953 32367
7668 41253
20586 28496
35274 42748
40469 47723
39161 44226
13482 14904
17001 25021
38347 44972
23230 33806
13074 19904
19044 35116
9786 43528
871 31228
27716 45739
7483 30372
5159 15148
1119 48247
6616 25955
9565 21813
21995 34917
27611 34121
20014 21393
12783 47669
37167 37388
12487 43346
10267 14288
13091 23657
39554 43139
38641 42368
14729 33320
30011 35739
39954 46044
11542 30942
4938 27093
31723 43840
4899 25628
27301 30711
3698 18434
703 39908
7505 9643
3535 32805
1536 4194
19070 26873
25372 38860
6565 24327
16893 21965
10828 22908
14626 37134
568 32521
16445 47182
2695 20913
29447 48084
6204 38094
7272 26589
9027 36001
11280 38755
1144 20792
8791 47725
21866 47901
8125 20032
17287 20270
1093 24419
13427 20043
2493 29185
22610 23477
7551 22575
21705 41009
34990 44700
472 24959
37962 45919
41760 45426
45021 47928
21591 23896
10778 15553
17538 46243
5208 31153
3667 12795
24170 37590
6083 16851
6936 15378
23904 37127
2054 38851
834 12035
16732 24063
13220 44991
11179 30335
31451 48671
21231 22752
11407 31166
26835 46576
5606 16599
29291 34700
15364 28459
37644 43617
13788 27245
8670 40508
21289 32788
11583 35149
11056 22803
503 7492
14181 22868
5939 11337
3515 5235
40315 47489
2335 33137
22286 47143
2773 27845
7082 44197
18824 32492
5162 9062
4817 44894
29235 32045
1393 33186
31668 48367
12595 19495
10975 27652
11409 42654
12350 36371
5503 23488
8773 33170
9210 46087
3809 41893
501 8788
12929 30580
47466 48808
20632 44765
21434 39812
4876 7528
2440 25104
20100 27752
30737 44189
1483 42942
12894 22548
20028 37955
9450 41834
22076 47838
24398 34489
5285 44719
6658 15239
13649 19768
34064 47168
13780 39166
22280 42144
28851 31513
9865 27928
804 45267
4893 23379
18948 32663
12196 31790
12497 31012
8645 43177
15074 26525
4597 22962
12800 23010
15888 18400
2027 27165
11001 26483
21174 32365
18837 34111
22534 38085
8128 11876
14385 20093
26186 35672
4619 35859
13093 35090
15589 27714
14244 29145
864 34901
32487 38554
40165 41466
821 38671
33707 35248
52 20766
11201 21547
38078 41848
8803 41421
12975 24702
21013 21534
34581 43884
18241 19524
8148 26983
28244 28697
5408 17364
22335 28457
39985 47156
13688 33712
557 1347
23385 48539
34323 36737
9773 24584
43970 49761
21686 47751
26598 47514
5463 45776
22817 42093
12330 48206
19594 19749
15744 27179
14737 27367
22164 46776
4840 26481
4258 5821
18743 46123
1226 37577
15670 24918
13548 39808
9943 23542
42115 48837
28167 47303
31437 34609
1270 27984
26647 47758
33236 36273
4000 21429
15431 23255
38813 41838
25108 42164
7225 44000
27433 42592
3420 48439
1546 9383
29377 38632
26631 43355
2903 34232
34141 38579
417 30050
3354 25950
14167 26497
1565 20765
42055 47478
9918 29036
9450 25293
9955 44830
7389 16219
2373 24920
17040 28865
11432 34277
14247 43049
11979 31349
15201 29102
35509 48616
4349 30951
9411 33040
16407 39020
1403 45304
9445 22913
15431 35403
28137 44729
39981 40690
36251 38791
1036 13534
9998 29082
6267 27191
960 3580
11570 16454
30837 43364
15399 18210
17809 30559
23652 40768
31796 40511
37810 40516
26875 41753
19204 37326
25043 35321
1932 33143
17613 28836
6911 32808
31084 48757
2153 10276
15668 21232
30882 49980
24065 32275
9357 29707
10783 16989
7550 27587
25371 37342
3166 18750
2747 45154
3553 13392
16574 43619
9859 14312
9847 39782
287 1398
22514 28650
35145 38657
6900 14324
3051 44579
7596 15149
15480 15653
24807 39779
11379 25067
2547 13714
24696 29109
22646 25125
5030 5822
15510 28198
20807 44335
6342 8632
6055 31189
12800 19583
9953 46257
14012 21179
10571 30259
206 16975
35378 43771
27037 42181
4582 39156
19128 45036
18725 42995
22127 28335
2022 29289
6732 8358
21435 38460
16993 48403
29386 44577
1394 14049
41739 48744
22854 37639
31279 35890
20087 22362
17837 30797
6640 38951
21559 42447
18164 25672
29689 46208
5750 11248
39209 48012
3417 22150
16956 33225
8839 15058
30724 35661
24110 31903
10513 23792
2751 15764
8235 36365
29747 49965
10808 13800
20393 41029
28494 30485
26480 46146
200 10221
28217 43298
16455 31970
349 22758
6277 16777
6905 22442
24887 45649
18285 33231
12698 14080
6859 28842
4074 43980
12153 37265
16311 40590
23857 36914
41237 48846
1658 4911
18942 27182
10672 18002
12137 37709
13325 42260
4768 17755
21541 39269
7519 12742
5806 8376
26639 29706
35272 45647
23194 28125
33381 48185
28100 29195
22858 34017
181 14470
7643 26255
7159 47357
19962 23855
1305 6040
9708 45909
26755 40534
25026 45008
19859 39759
8051 30588
24564 44553
35710 49308
23516 44188
2044 5073
8305 34883
27423 38894
26005 41176
15612 30608
21547 32579
7004 7874
9347 15421
13485 14854
34867 38054
9426 10299
24726 48289
27177 47296
33945 41431
8599 11421
3309 27473
23171 28901
39247 46795
826 4519
5597 21961
17790 32148
19128 34356
534 43663
5602 29103
38389 48804
10963 28842
4348 27025
2539 28047
5761 23564
955 15001
10739 13263
16812 17022
33621 40170
10930 24919
3259 17912
8882 30030
29955 30078
5660 6031
3419 37976
37889 49986
13781 41720
14550 38784
42614 46092
36618 47203
2759 11101
14634 21059
2136 24844
20375 41211
7695 17268
17849 31901
14513 39558
27965 28487
18186 24266
8376 22378
8276 30662
957 9265
45965 47456
2355 29317
31167 42735
6803 18969
20565 35824
7948 42681
7180 8450
9186 41889
14710 41369
29846 34214
9329 40183
4581 43193
10605 18079
18041 33424
3729 34085
40452 45872
15202 41968
25857 40789
19842 49654
7451 39724
1305 4913
21492 41763
19471 40341
12296 39639
6696 9862
8388 20691
18623 20974
13434 48777
64 11875
2038 26419
41867 44376
26827 35241
30672 41999
17574 43577
11227 38432
18720 20088
16847 19533
14296 33514
19939 33022
8209 13967
17983 49218
26097 32498
11697 35566
39489 49755
5845 6730
12850 33908
34685 46449
21651 46672
7029 15912
19912 45302
9596 12987
42514 48434
3869 42988
12703 38879
10135 33924
13368 18796
5259 34264
14373 29021
21349 26750
11469 41827
15876 31049
10671 35999
9077 26300
1161 29622
37829 48454
22436 49416
33480 46932
2054 25264
18865 20582
39930 49808
25754 40443
16455 48528
18280 43815
5039 11933
29867 40290
4137 47864
39118 43582
20876 48988
6357 42020
16950 42465
3340 8665
24531 40033
30510 32611
21730 44501
25628 48487
2907 8944
24939 27392
16417 35480
29794 40912
3205 3543
14051 37021
894 27085
16489 32408
10173 41466
2997 15635
14056 32661
19436 31408
26564 42247
19699 33431
31181 49936
38786 46157
8186 37201
3111 23092
34109 44232
26412 48618
16648 48817
6656 38108
568 47172
4303 46380
12104 41969
283 17600
16664 23857
16665 20194
31979 38110
11162 15206
19466 48441
15709 26683
4029 12737
8031 35789
17708 41901
44693 44816
12035 44375
23736 31508
4111 10528
19731 41478
31967 34573
11473 24338
20009 46811
21910 32552
847 8343
12819 19038
24168 47385
8414 33499
31555 45534
23056 39515
11840 33495
12181 37655
9520 20231
22095 42479
16517 39700
29838 34885
18662 24051
15748 39366
38203 42215
29703 35508
5475 16921
13701 20110
17971 28222
5645 35544
21903 28126
11830 19433
15362 33735
252 48374
17772 33931
25354 47823
1487 35586
5846 18658
23761 26702
17205 45685
4967 33985
1133 25410
4215 30894
10820 33814
13073 14676
34773 40287
35543 39288
21608 32297
12790 48716
1452 17616
23440 46305
9181 20451
7274 25088
12542 29665
21306 21913
31807 31876
28736 46955
14479 48477
23385 27654
11081 45499
24603 24967
13693 14302
11337 22695
43167 48024
32570 46033
35936 39115
12969 49989
1684 24246
9841 14767
5579 18460
35994 39017
17119 27487
28105 47979
9887 26663
7208 10457
12218 48159
13668 48465
6341 17164
19993 40507
16760 26878
20520 46887
16130 40982
961 3185
2676 27103
29596 35227
4276 15430
3403 37779
8332 44648
22956 30921
9479 15787
40846 47905
9998 14945
14548 49375
5209 28802
8154 43684
9713 21152
24139 49533
41672 47178
46508 47793
29739 45543
30488 38386
851 3775
6889 42777
3550 24752
10090 47240
27380 49539
3343 41730
35311 45424
743 31041
1779 47368
4902 7063
18657 32462
4795 8380
4054 16072
3064 19689
22099 37035
20558 29001
34827 47941
20944 48847
14766 44151
3909 29588
23568 42396
793 35339
26705 39014
31664 33923
10918 24663
26014 26843
3112 36733
9158 14595
12463 21576
12051 43429
43709 44220
1571 49054
39730 47238
14816 24045
587 4291
29882 30246
14261 43445
17361 36469
19146 25334
7521 29918
21883 37929
47092 49543
33491 46674
6443 49706
11783 20714
17381 24231
21620 25546
7029 35816
25023 42601
16502 31864
14481 45150
12219 17703
24573 30963
4571 42742
8182 45305
12611 15278
18745 25839
924 2623
7096 17516
974 24736
8557 48486
801 9556
7995 28270
23375 23624
9090 22280
7371 19611
43023 45075
30679 47317
2689 8158
8364 32582
7731 45261
6161 30907
28359 37188
8920 28814
6009 8547
36294 43109
15722 48670
11341 46914
41908 42251
7097 29218
27450 44048
4943 45996
7634 24556
756 27327
11577 33503
22058 47306
26170 30318
28174 39553
38018 43363
42449 47801
4605 41522
20290 36769
3571 16052
1129 8099
23259 40555
24294 31725
8352 49773
12314 25617
12489 17185
472 38417
20003 20089
21277 34772
1371 45996
18883 34737
16055 28506
19867 22119
11320 23064
6082 32330
33632 45058
31968 41286
2960 8233
1022 44350
4785 17660
13895 43248
11980 34627
39605 41377
15376 33299
18534 44639
11082 31601
34411 42893
20014 38566
34853 43600
25720 26337
1154 45664
5820 43165
1327 29414
15727 34829
18956 47650
12394 27463
19385 46456
15916 17064
35135 48594
108 305
11877 39249
13906 30559
17733 22260
39068 45897
10098 32356
19854 35171
817 24685
9040 15014
37182 47925
39290 44310
13996 35453
5879 19302
3397 11845
35220 46601
40672 43015
4913 7702
12212 32269
29494 34646
6799 38376
23300 47011
23912 33020
17666 26773
8506 21957
20662 35826
12138 32174
32084 34929
27174 48568
41855 45407
17695 43783
6183 46516
44319 45346
14506 30883
8854 31388
18855 48958
12275 26834
5917 46246
1730 2346
14143 49483
33540 41873
3657 15823
16308 44986
36425 42656
27960 44361
12950 28275
13427 35761
17653 35678
4032 46921
21749 42977
2534 16099
9153 28819
20157 31237
40090 48975
4960 10934
23616 28053
21259 37937
1939 42406
10623 38352
3872 36882
24168 25806
13776 16630
15335 27792
31982 35078
16973 26485
16394 22955
11421 20860
10504 20050
6237 22723