74603 48558
96307 92894
61277 28883
97293 38465
67187 58764
14005 68075
4946 53244
2590 78681
69769 31997
58773 34922
81253 30954
25834 86356
99975 73860
14543 14990
51783 56024
54728 72550
11521 21051
95675 5275
60089 25850
86679 42717
22079 42450
16362 35793
55779 68753
68783 77896
66635 36973
214 28416
19464 92846
86221 72303
90010 56506
36590 50172
79000 21280
60990 59849
44822 67734
99490 30783
56562 6445
41108 60928
89974 81413
30300 91550
67313 58721
71006 37823
39715 2248
40332 9213
93373 65944
1313 17360
44477 14226
7740 96380
83656 89380
79475 23901
96356 15605
13633 78644
74479 864
83694 95738
6064 92166
45323 72037
14524 7608
49547 9395
68092 13655
64786 35607
11892 62583
54141 89075
98972 30986
17476 45527
55190 53843
56728 13129
26621 75333
28506 70496
66708 32376
92674 35461
24457 46352
81606 3993
19971 25011
94384 74349
27311 69361
65640 86209
81564 45463
74905 4236
20363 47315
17127 5796
47436 80189
34417 13418
92509 58569
4767 10915
95621 16750
74146 7456
52571 87393
94915 30452
66239 66327
31669 82682
67542 54092
13546 12573
10549 47965
90286 37448
21008 73782
25425 59608
48145 65912
12291 20290
21673 74827
70297 14221
96771 24795
28588 51908
22072 43806
10963 11632
698 79134
13495 94579
1532 86731
2497 27110
53103 48130
52243 87675
67088 89023
86055 74666
25192 52240
61885 95782
95584 58103
35782 186
78229 71497
61669 48620
95029 84873
27973 76827
45116 82632
72754 349
43140 4345
8133 49324
78564 59072
81663 37210
71484 87664
73900 64543
65342 79976
74344 28265
17035 54869
64336 91121
94732 51625
14774 18782
40772 24236
37323 16773
45600 61540
31267 76509
82015 67434
96637 38709
92467 58841
2702 21199
80501 12543
16713 56327
35220 57776
14106 81049
78423 38951
18843 21250
44547 24937
9350 10461
96428 28913
69571 49014
89855 69318
50122 93064
7441 10769
7963 81744
36637 54795
43761 7710
9617 7380
18570 62068
66058 66791
85002 64912
92226 72915
937 96696
79627 88115
87296 31283
77703 26391
27672 9876
67748 31327
2822 88333
75560 35301
14326 17223
94344 98259
22891 83994
64615 28914
91945 54281
37589 6174
30378 53099
61725 7839
95521 89413
805 42288
79550 19349
33923 11991
53630 55952
27807 62689
438 5664
34004 47775
12547 75847
9113 40714
43207 42235
29740 44356
36965 62707
196 32721
68387 22728
94216 43748
85928 32077
13512 7475
97156 35995
24841 94265
46517 42778
51526 63398
7457 10263
63103 47687
82184 73342
5375 30107
47055 81114
58903 22008
43570 63265
18426 4813
25932 83653
2968 68180
83028 28065
67736 71911
30512 29149
64109 75829
49681 53984
38192 60244
9081 81841
49387 52096
82904 82806
67095 74164
49866 10236
72726 64082
73222 22435
48009 29701
65348 15807
40073 4080
94080 89025
60788 50635
86155 25512
82743 31198
38004 11875
15434 83332
76229 56493
99869 75394
17454 73568
84987 62696
36686 51361
81586 4157
64406 81441
83294 46652
47343 52300
14591 649
57858 14491
74590 8826
77735 62201
99744 63741
90755 81568
42591 36861
78587 78198
46356 97406
57842 33325
45089 58865
83699 48729
18394 41175
25034 7880
82477 35088
71254 76927
59083 35236
24725 61113
61495 92140
79032 29456
23555 15677
73026 52503
60706 30989
89407 17457
72096 19307
97496 50652
9662 62839
11673 63934
58797 25165
92157 84899
68352 9075
73719 24450
66701 40553
64180 83750
43675 8577
79241 45062
5006 92066
27628 32710
66084 46344
98661 75369
39397 14637
22857 11121
64786 53615
10565 21484
44060 70857
59989 6263
91526 45895
8656 45378
34773 7656
10885 86078
11425 65008
99679 86791
45682 30426
84053 93333
63338 39903
32641 46804
26094 70326
91318 75999
79860 86633
99011 69841
39184 82324
90901 8430
81582 78344
39866 11322
33252 51190
68662 36484
57045 73542
88118 43676
4964 82830
53856 47524
25632 31390
48015 69220
15935 24653
28192 31083
13275 73416
99669 58495
80897 95103
627 17828
73695 63109
12159 62970
21993 38205
30191 3431
70739 68981
42480 24239
643 95090
13041 91784
97356 196
25338 41246
37911 26634
30869 87435
84026 88297
79728 44955
61706 99223
9371 60102
3020 57068
6045 98519
89735 96143
70608 9752
95725 1245
32136 8602
86455 51784
27747 69814
57784 99607
37771 36038
760 86493
44369 14329
14920 5000
37158 40097
79306 11834
85722 53317
39976 93771
13200 70530
99348 74887
85215 82718
76894 5547
90419 61259
81937 96701
70167 30064
34654 41865
57178 90727
47387 9843
57287 7695
7622 88736
33776 34319
60712 38757
94542 46401
52873 89881
54449 10905
59245 7773
37466 92899
67483 57599
30431 92004
98183 46682
74600 45532
77477 27906
7413 85646
81235 84484
43192 90214
7118 45924
37236 40118
83557 14588
14841 10124
23234 30160
43283 56004
76899 77923
39047 27772
49661 43517
7398 13658
40179 82096
26082 41946
31824 68672
11071 6854
50564 36087
96945 38057
71599 89593
60278 30449
19858 11615
66157 94575
71459 84718
91837 57920
53318 62889
14018 91850
98317 27132
52319 80943
29898 551
92404 8196
76355 85972
89263 88606
25993 1096
7731 33730
10575 47506
35113 16868
59515 85984
85246 96340
84473 75246
83653 21278
13454 82341
16719 54392
70971 46895
96777 68660
86462 2751
8878 93951
23049 58224
13974 86057
92959 91737
23275 7751
43537 35668
51571 1884
44263 99020
30731 10396
53741 23484
14015 88443
89361 33134
54159 93349
58768 34522
29705 32623
5590 46210
50712 70992
22674 48041
11589 26999
70787 61710
69044 99121
67346 63493
5148 57389
53158 88839
16059 83248
82651 52254
86540 22757
43058 95166
60 63108
9181 61329
11902 44449
23725 79189
91208 22774
45738 8013
8350 56339
94598 29005
60888 11413
62806 86340
22481 92321
40149 92147
35870 671
61662 92148
4765 92694
59366 80315
82481 8476
95590 29216
10683 35797
60906 46413
19369 20920
98470 42407
83415 25993
5763 26625
14922 21459
79995 67323
92069 5416
16567 64170
20734 8318
15796 61297
2226 35985
39552 68502
66351 62135
18312 67788
55538 78038
28491 75058
17593 45869
90819 60764
15600 24153
53883 33295
56596 47913
42257 10599
71609 33220
16210 62455
70346 37031
93343 26234
10358 84707
36010 89486
83770 90513
19623 25885
17308 74952
28706 63814
4500 26395
87928 3178
80451 86130
32575 55670
49886 23565
45040 70949
96023 45479
73022 61305
70213 58458
18660 58151
75407 99136
36857 22267
90767 48370
45554 32608
13560 82619
71284 7498
43154 97575
2813 36639
94975 64290
21246 44919
91048 41118
67935 54120
25454 59268
58872 1638
39077 72428
24493 80936
92080 4283
91489 76449
74440 18176
73109 10199
17892 53937
60820 61970
7017 42468
15003 6594
52120 27765
67177 16288
8384 57305
60028 58934
48523 86525
61936 46893
63637 23639
82352 79321
41078 10004
91778 64933
43954 44548
35460 13166
14402 73674
43425 9746
65058 6628
87711 61488
78500 95924
40396 15680
99047 32916
81823 47426
89923 66230
12021 52042
65315 85882
2397 41931
52556 10238
50619 16801
91455 96478
85609 8807
11725 48644
1703 98934
51254 11714
47535 49899
47760 53586
92789 59526
19583 60166
90969 68183
34956 77266
75128 49201
49912 5914
3029 81285
87611 28467
22323 76411
68734 76096
32902 7972
60982 87138
10346 8949
33696 22034
72889 80811
66241 45302
50080 19124
77528 62680
94392 21218
61213 83670
68427 88552
94869 3051
15480 26838
15787 91523
81879 42168
86400 35254
71094 21149
33038 52088
30400 96456
35403 86322
68500 67152
66450 97859
34682 16549
55133 30787
55253 22673
41254 32525
2654 83064
97032 19704
13100 16488
42110 47629
24661 42838
57723 11519
21022 72773
46566 97791
28608 9910
44938 66980
53278 14707
95768 36968
58893 46448
4061 5708
79527 75861
68193 90205
93990 45656
32323 5133
57149 89100
63179 30138
84280 1664
83158 5261
8647 20887
41170 65433
39191 12265
27071 80256
38109 2545
42161 56998
6055 18236
41790 13000
92545 84536
67113 6567
79402 67167
94886 23263
62648 83597
35052 70682
98313 57850
88122 6174
44437 99407
76154 87711
8620 47484
78936 77383
47641 63275
30739 50906
18613 32723
50257 47108
5178 59274
27030 72474
22840 47931
60007 38203
63197 50603
48881 18295
99057 21136
48627 31610
23140 3762
20333 81825
36855 9215
21382 67806
93706 71104
78443 50719
33418 5907
65142 96414
20895 72339
39508 1770
19087 61401
3951 38350
95413 22441
98773 33723
55610 91197
49377 23858
46059 50839
25152 57187
1690 21673
4582 36352
13952 90045
76514 72766
80579 61358
60742 83896
56855 46175
93430 57343
49924 19592
73402 35600
49671 56457
42560 3010
71980 19900
88598 59505
41796 33410
37163 51122
95960 56327
24513 29702
27841 20241
63374 16272
63901 67357
97392 40598
38530 49009
73022 1686
98357 60654
23087 30585
64430 64015
33645 25863
47437 55221
96032 80158
81062 59844
75720 89036
74966 94379
54744 95521
60334 50808
72960 60818
50927 29595
94477 42064
69055 89216
69444 11374
20375 7927
84238 9710
67918 75828
18540 9360
19077 95545
86939 20368
51027 99365
46560 72894
47576 91095
78083 81477
65052 87161
2293 22987
58652 3397
68618 27455
60554 72495
89943 6258
43381 95572
50964 141
80245 65162
50124 58563
36201 57075
59126 50422
63127 55103
57996 28329
74593 58494
93134 66781
91277 46454
77358 83494
39727 21519
65460 33096
86667 4548
48271 75950
67877 9530
69900 35457
2598 78363
43110 46236
62758 86124
81115 69129
96174 69412
14444 87838
47160 17883
34744 69730
98254 40355
83487 55148
21553 67111
51844 19644
52227 77471
92600 54651
52972 44443
8372 57233
71017 67596
15979 97894
49109 17012
67631 2875
85057 28801
75958 66125
69002 34453
86303 97300
97925 45590
77681 95917
35198 62111
46517 66387
16686 30408
95377 50290
43012 1255
40600 7891
1860 10907
5491 99760
20932 84195
50472 93473
88942 85647
69683 43489
30313 56326
52571 92975
75328 89859
57292 56903
425 67848
57798 22472
68056 32872
97324 39029
47730 47718
96282 31798
79828 33047
89645 76238
92187 18154
85778 23190
17935 57617
27863 52059
83688 28438
73743 8317
29869 21686
67393 67806
88486 38633
81308 44064
85177 93609
53270 69450
85842 73534
56529 94012
722 99677
54654 7402
84423 3223
61351 25885
16521 21744
24512 29832
49380 25813
90765 30916
59851 28964
51286 45424
15582 61378
50924 34036
60936 76709
4220 8321
6355 96161
54684 3367
69334 87189
47167 73542
42874 68194
62486 25305
13858 51731
30254 41574
57829 75559
51331 70645
99748 57608
83794 598
78729 87543
92101 22441
45508 11822
98818 27100
60310 7227
25641 92929
94737 18033
76115 6290
77980 50688
14602 7220
14085 14847
37849 17030
81478 19910
72133 87844
59984 21229
27158 95623
11224 67765
62533 92636
10001 8038
50930 87354
3971 78063
96120 20923
93171 57382
88551 93567
42149 28187
57302 75729
90703 95154
12638 34162
45083 83493
73876 15191
37256 44290
19966 63087
49309 61734
71091 49599
40165 11078
59397 15155
69229 23818
59591 85373
98792 95710
72417 28702
80706 35288
14721 7365
38200 30161
53627 96518
72273 76979
643 84692
15754 61987
18444 6864
3974 16181
16784 66271
19731 70731
70213 40629
76538 61954
95651 91548
23234 41700
85812 72137
63951 87877
87409 28777
22876 74770
13094 30215
94620 46579
38962 87796
46522 21407
37750 81011
74336 62773
2907 93353
59819 34619
80223 92643
73545 4667
61070 68970
68560 97705
28763 14792
83530 72050
82828 27711
41782 12008
16817 81645
77987 52826
41673 14388
60983 20498
8934 22719
80875 98940
19209 25414
87693 98254
57355 32229
10493 26866
50124 75953
1490 29218
70025 91253
72189 2557
69653 77576
8132 37100
69112 10710
35294 96323
16994 87922
1056 91573
87241 81905
89214 815
36844 62476
95078 24491
99366 29483
42303 5384
49510 85403
36937 18096
60881 48438
49527 89180
48302 99286
9140 44345
78951 78550
59247 55806
46572 69814
40801 22659
29088 11434
46660 18911
70197 93202
52966 30932
56416 82749
72931 19413
33657 37329
68148 83788
98380 61134
97669 17376
13943 17858
9841 86807
70606 21775
91337 33894
69885 23376
43629 80154
97564 63747
64264 14310
3284 62845
64690 13601
69282 83936
35555 29564
21094 14267
86883 68269
82945 75887
33298 42991
10487 49408
30764 51314
18370 63455
95058 42824
37171 59468
97568 18844
23392 67000
98678 19817
67135 38132
71564 64597
92260 57030
41895 67470
83644 58895
14202 65774
86340 79263
22571 49578
55742 76520
29000 68267
29397 98268
23295 95873
35830 1218
23567 30767
32355 49207
