945 922
524 927
145 753
149 693
51 270
211 550
509 826
554 279
622 506
74 374
938 910
866 149
295 109
979 723
774 973
999 260
827 644
732 6
388 160
366 719
464 476
189 627
485 59
454 115
803 364
138 826
386 265
873 456
217 596
671 519
815 594
839 544
552 799
782 261
726 118
538 52
23 386
286 913
545 778
759 159
619 968
846 552
828 513
611 596
322 959
661 533
900 241
835 399
772 781
492 699
311 692
296 759
297 563
29 819
254 138
867 949
780 315
255 522
166 517
404 522
262 703
926 178
578 930
462 853
156 848
138 166
429 129
992 820
453 396
846 541
684 564
234 919
22 763
530 733
837 210
888 177
96 990
63 559
973 355
269 206
944 647
724 306
304 70
696 476
566 309
297 8
724 150
489 368
727 169
10 431
627 968
114 409
597 560
335 10
20 110
580 886
768 380
600 804
675 130
542 960
1732 8046
3682 3805
6294 6491
5480 9357
4921 5883
5122 4688
2327 3274
8323 7330
3289 5475
9853 7539
9225 6302
7735 7641
6678 8632
8289 8088
1028 4518
7514 5454
6147 3200
9552 6363
9842 2493
8762 9052
1970 4709
3791 8361
8937 6840
2130 1899
4829 7418
4779 8862
2318 6346
3540 7617
1195 4079
6350 7211
6563 9152
1703 5243
1668 3315
2654 8763
4938 5408
6928 8749
7777 6314
2313 6502
5489 4888
9656 8177
4973 3541
7051 1248
7045 9127
9542 9726
5815 4405
9114 8830
9023 8010
9877 4962
7411 4139
8463 2093
3157 7673
5206 2030
7104 6940
4435 8662
2840 8293
7369 8095
5813 6043
5197 3706
5693 8730
5020 2524
6893 9309
3914 1409
8638 7504
4984 9642
2971 2280
7265 5550
5965 7900
8676 3908
7529 9766
3100 8975
1559 6921
2544 7966
8878 8575
5336 4892
1022 7929
9308 5398
3200 2360
4167 6661
8041 8864
3980 4800
4301 5545
2042 6734
2812 1817
4372 3181
6394 8999
2810 5976
7792 1207
6875 8398
9292 7497
7277 3422
9757 9557
6610 3427
6633 3036
9917 6445
1549 3860
9452 3049
6795 8437
6843 7453
9841 8274
1583 5335
9189 4747
6757 8857
8543 6942
4223 6121
9107 5570
2230 4656
8955 2306
8645 2908
6316 5041
7710 3063
3839 2634
4343 2431
1315 9310
7500 9982
3586 7974
1398 3488
9785 7358
2187 4537
7694 7989
8796 3011
7570 3322
3573 5454
5282 9994
8464 3310
3466 8143
9390 7286
6729 3570
9736 4934
3616 1240
9614 6273
8812 2155
8211 7737
5989 5696
5838 7655
9285 7479
7429 1176
6312 3357
9706 1629
2824 6578
8682 2319
2509 9723
1228 5511
1134 8840
8045 4134
4660 3259
7193 3563
8162 5447
3185 4634
6830 2480
6891 3879
1765 4202
4894 7755
2823 8550
2868 6819
4989 4206
8858 3015
4845 5742
6339 1265
1324 3874
6254 6588
2907 1497
1031 2901
7788 7123
3113 7694
2051 4421
3478 1247
5900 8295
3152 9797
7559 9290
5630 7805
1557 9704
2899 2891
6464 4296
9708 7138
4037 9765
3225 3580
1413 8367
2575 8806
4517 2063
1087 2820
1211 8690
5717 4180
6825 1054
2060 2221
4337 7576
3800 1579
7340 4317
9177 1846
2004 1984
8319 6026
7876 4541
9337 2292
8901 1693
8525 2438
3094 1314
6573 9124
9301 6700
2335 6636
4214 8834
1920 9131
19182 27970
19973 10188
13707 15271
18444 17410
43272 33047
18657 42003
39835 10975
16242 24518
18043 27518
40182 22262
45585 22875
11787 23929
16575 45077
45651 18979
23994 39138
47558 16775
22963 14901
34940 29082
17215 23537
21447 37181
28447 20473
30763 49642
45709 41670
48346 10274
15551 26279
27747 46596
28277 39097
19291 11126
16654 46642
22336 33179
24388 43405
16519 13822
12966 29378
42372 46479
32358 15258
44679 12671
12058 41085
15461 48645
39872 24262
33117 41735
21155 44612
14145 27411
41817 33784
25246 31338
20598 31792
22389 41024
10292 36906
48214 33159
48582 16432
25325 12310
46527 32735
15268 43917
23976 10246
23734 21962
38271 11957
32174 37364
27705 17157
45872 42530
34191 13466
25138 30166
47563 46036
30332 33494
39498 21031
30274 38637
49857 30757
49822 29852
34384 49874
28667 35290
33767 42980
39547 28743
30289 29081
27400 35652
31904 10821
16147 10012
21536 17020
11825 33998
32157 38953
34719 48786
36243 37215
29706 10918
14793 22521
27241 41667
46276 33368
17925 35548
30342 27336
24845 38533
18841 22207
34360 49877
36423 32714
17449 39238
24858 38611
33680 30268
33775 14737
40588 41061
37548 18221
29297 33983
34977 38395
31660 11751
41636 22004
28222 46562
42533 39018
42080 12634
22869 46340
28162 47271
20896 29690
26112 47411
26706 36562
10021 20494
14438 33721
35818 44458
39026 34811
33127 35719
47948 16449
33539 19459
41177 25244
19466 31543
24225 38993
23443 16752
38440 37642
48106 10022
46810 10028
46403 31927
42443 45663
41917 17660
39136 18321
38119 21558
26653 28868
48160 27716
37287 14819
18577 30059
20951 44804
33482 37191
14713 38626
25511 16007
37886 45306
20041 29206
30010 34616
12933 15385
31606 10312
38811 20117
14838 31156
49523 29425
43560 18388
41383 33978
31379 18334
11416 36193
26265 15215
11963 38185
26854 16997
15792 20222
42736 33379
24927 28305
33217 49878
31289 10870
15024 14249
16479 15302
35110 10119
23147 18033
45375 40880
43063 41179
14972 39770
24733 40508
11323 19039
39501 32880
45267 19956
23681 30676
40343 24004
32636 25654
17610 17783
28838 31230
29325 31340
11634 28195
27408 14600
12953 39409
13701 41040
28583 42417
26456 30913
14014 44745
15385 46558
11447 41405
19416 44334
46952 14332
18698 11550
30811 42799
27638 14283
37862 29111
36617 13246
39424 20967
29706 26739
25362 37015
15479 19506
45389 22329
13702 36909
23278 49018
24980 29387
37599 19988
23377 25082
22931 43118
35869 16497
11738 46089
15391 40411
32200 29540
15279 16805
49078 34167
17276 30421
14535 13257
41536 11471
11448 49340
39501 45459
18000 43610
15018 36716
32333 28611
20304 32760
38013 46395
11504 13065
14656 10471
42066 42413
38847 19938
19097 11411
23880 18046
41996 42209
13254 34342
37561 19694
29762 12461
17794 14965
27168 14181
11747 47970
35147 41880
11197 34909
16862 12280
35288 39764
24339 41826
37739 13318
29377 12847
46188 29386
38443 11960
30546 44955
33628 27826
24330 44099
24637 49507
17168 35744
27874 39474
42195 28252
48175 25427
34680 38578
38461 14763
32503 10873
23535 44748
28350 45344
46353 37108
27463 15808
17876 12165
18961 16961
35390 41320
37663 46557
24740 15507
28107 13628
49234 32529
49137 14324
18626 10595
38868 23991
35547 32358
41650 48408
22354 20914
33478 20555
23122 35632
48111 12972
23478 47552
29326 46282
14533 30189
46401 42991
44023 49655
40282 33690
41027 25141
24060 45242
39035 18442
29304 40774
17778 31939
36324 37268
19640 26523
28939 21426
21383 27080
10463 20568
35967 33721
17458 34949
46621 14220
13967 48550
12278 28772
26496 16784
29977 13235
17463 31987
13027 43317
44212 27946
22341 29815
13982 14648
26093 36499
24875 34285
13877 10225
39571 11754
18217 47839
67816 88456
73881 70405
65306 72586
70505 52166
65634 86039
62443 76279
88234 99665
53052 68143
95135 57985
99096 76978
91736 71647
94438 84289
84307 75295
88369 54159
60493 58140
85703 92307
52546 80331
70826 70807
76709 94370
55524 62113
54674 57728
66225 57403
64254 96759
53872 99729
92151 53742
53134 76240
88327 55720
51223 57758
68321 81084
98091 64771
76953 52830
86478 50334
71781 91780
86807 58587
58824 98804
70543 75746
80221 96920
95452 56057
88385 98787
62808 73485
77887 77980
53579 54279
58572 97856
88626 80302
89095 92678
83441 94855
75742 50900
98163 54076
93202 83790
57450 88386
59198 60932
61891 80977
92354 88890
59729 78759
86953 96788
57170 58765
98578 58132
62767 83685
87137 78392
85724 64484
92794 92304
66185 79726
90243 99167
80710 91329
66345 75791
51548 90664
72654 99929
56178 96561
72335 81906
80156 69248
75844 89576
51730 62810
91340 87095
53849 77879
69085 77441
84417 51376
91828 68296
92424 56698
64284 86904
87568 75538
87401 97534
64076 71159
84495 51878
72071 61350
98194 76313
73831 65008
62949 57588
56933 63602
57938 59433
63174 90565
52948 80866
73832 55391
76758 65743
57252 61141
86136 72407
87705 99543
89143 72266
90354 90357
50990 67452
93930 72345
90511 50989
88073 55199
88140 99853
51669 96419
86888 66932
74829 71292
67325 70703
91782 50713
51291 85172
57286 87966
53010 76070
98080 81338
66110 60103
78151 96140
54843 81050
65787 66564
60640 66520
73314 86874
59595 62153
81525 95604
95831 63513
84421 72863
62070 56404
95694 50462
67157 74511
80850 54361
94774 94437
95449 72509
53098 91562
69576 70945
82457 75155
57657 99706
68762 67859
74172 53961
63435 72356
78105 81582
74679 87419
65948 84507
85218 63395
91726 68432
86380 89724
73976 70366
58038 59779
96059 90004
99807 59276
86545 50564
62158 78157
96897 65487
93676 67086
94831 93040
62811 91137
64144 81407
52793 82978
96057 82714
72461 70857
76473 85610
85219 61366
80897 83515
72199 70748
85860 52424
71928 70897
84984 89447
99931 82038
88467 60017
52902 96708
50960 80646
66791 92666
88558 90338
93170 53820
94728 95954
66624 60907
72424 51988
73648 59321
97160 71814
89998 56841
84549 88968
79796 94320
89893 60481
50979 71793
50959 53442
63634 86050
94165 84449
93367 83331
76265 74162
91206 99966
56176 51208
62638 94144
61299 56307
59400 91207
54956 50873
85038 87818
73171 59404
95097 60916
87651 59261
91400 76896
97489 66212
52822 86382
94188 73693
88101 65856
86414 86799
54204 56418
77231 93623
72842 71903
62918 52563
98575 85350
73806 64782
97081 67407
53444 77719
97169 55144
84015 61270
51738 93432
97522 83225
64378 54034
98282 51649
90730 80624
58883 66617
75588 60877
52643 52561
57078 73547
95093 67830
71956 72156
76452 59768
94345 98023
74570 91280
59188 65186
52432 50720
70349 74945
94934 70903
93505 95917
96125 72488
64600 60195
83414 86370
73719 92641
74633 96358
63573 94366
79430 95026
63015 94305
78755 96639
91786 64850
62331 75633
51296 95323
92808 85397
55894 97282
97643 97772
50051 59799
61734 54016
50899 75516
63234 93113
71047 50463
83835 67230
74899 80976
78681 61588
84426 62012
86975 60316
70327 64788
62773 72360
64110 80869
65709 95585
77529 63384
59148 71109
51641 72324
81545 76160
94342 88132
51181 99285
51973 83879
58591 58489
82679 52567
51829 63443
95589 58703
74157 54430
66536 51412
77239 70592
60922 74090
52305 57135
67113 61826
88214 78946
67426 56831
80671 90143
62044 61351
97593 93775
76288 99115
71294 75422
80574 59503
92448 93793
92248 53157
86742 93426
52740 64671
67931 96506
92068 71173
56200 58365
54684 97106
94457 80006
56960 96500
78731 59867
54565 52454
54476 62678
83747 81068
92448 85001
82731 56000
64112 79976
92945 77077
60279 55383
99596 69586
72792 56071
63275 52803
97532 84645
69119 76839
52018 82026
65594 72691
88600 52444
58239 74139
51539 75707
80117 93704
92839 86687
87535 91581
87149 53899
85325 51962
51328 79029
65919 63514
85220 84588
63898 81083
76170 51228
86381 90106
98805 58293
61688 77357
73419 57196
51661 50881
98057 93924
62476 71000
60477 75001
93178 71240
79963 60398
89112 72095
75978 64490
83714 52582
91177 94537
79063 84688
58797 80425
58280 62999
87708 94747
99387 70410
90961 87223
93579 73475
83368 98672
75435 53193
50600 51767
93542 84611
79078 69813
92829 59755
54754 52991
71957 89748
61181 51637
54309 50533
86746 99274
53132 85393
99613 57681
90098 93219
62902 90992
76084 74858
76535 72793
93819 53703
87605 71184
79702 62737
99599 96502
63485 81863
71881 88720
62801 69417
91148 70465
93052 55757
89043 78977
93817 98543
65390 69239
59371 76026
98699 59765
75677 64182
81509 54162
70833 73147
70553 51505
50016 93749
75331 79300
67429 61789
69607 91451
53465 96916
76948 87648
76127 97074
66152 85666
90800 51582
52457 63102
66691 60353
61953 59792
79203 53314
96614 58151
53775 55344
78173 90474
84972 91854
90169 58296
60287 80616
69081 74592
90645 87524
96163 79750
