72597 82597
760036 760036
228061 228061
248683 248683
34548 34548
730665 730665
697026 697026
626135 626135
214656 214656
661462 661462
208298 208298
811197 811197
206222 206222
636872 636872
664217 664217
216565 216565
686715 686715
785817 785817
301622 301622
599835 599835
719595 719595
679179 679179
615713 615713
175733 175733
869527 869527
705019 705019
770009 770009
537469 537469
193194 193194
527573 527573
137201 137201
635791 635791
287608 287608
881614 881614
884473 884473
838508 838508
128630 128630
97850 97850
980994 980994
343286 343286
759311 759311
189292 189292
154482 154482
481884 481884
342515 342515
335050 335050
698448 698448
29229 29229
637218 637218
516421 516421
145771 145772
873600 873601
196812 196813
761660 761661
50415 50416
67252 67253
467627 467628
335684 335685
119522 119523
175882 175883
863470 863471
772968 772969
812690 812691
666953 666954
655682 655683
212496 212497
506044 506045
784670 784671
310719 310720
487348 487349
643798 643799
586088 586089
192412 192413
314537 314538
68182 68183
535129 535130
165663 165664
768072 768073
565592 565593
318208 318209
799055 799056
225567 225568
191808 191809
995866 995867
987226 987227
242223 242224
577322 577323
454853 454854
92111 92112
696843 696844
144940 144941
955580 955581
984016 984017
957629 957630
622534 622535
639698 639699
170125 170126
128578 128579
938572 938573
995048 995049
130131 130130
96576 96575
581137 581136
322542 322541
925316 925315
649318 649317
857670 857669
90979 90978
931594 931593
937466 937465
409186 409185
730650 730649
163034 163033
600994 600993
726516 726515
664464 664463
357421 357420
818043 818042
633522 633521
449531 449530
29091 29090
778461 778460
919316 919315
13107 13106
736090 736089
541850 541849
167010 167009
420420 420419
184632 184631
619786 619785
415468 415467
314762 314761
716361 716360
996603 996602
151507 151506
641676 641675
160125 160124
523381 523380
246859 246858
91719 91718
975050 975049
656043 656042
822367 822366
138083 138082
771240 771239
63087 63086
316751 316750
128660 128659
395333 395332
950271 950270
92395 92394
424423 424422
728731 728730
11710 11709
951732 951731
979024 979023
67763 67762
118741 118740
399443 399442
766597 766596
738526 738525
329114 329113
595562 595561
969090 969089
839920 839919
747068 747067
610765 610764
45 44
270448 270447
857622 857621
91762 91761
245497 245496
27870 27869
428332 428331
897783 897782
799108 799107
491417 491416
728737 728736
441972 441971
400954 400953
679007 679006
48570 48569
825375 825374
407737 407736
574482 574481
777106 777105
900964 900963
642243 642242
410051 410050
300407 300406
408839 408838
148576 148575
143724 143723
4401 4400
631869 631868
983643 983642
265672 265671
242633 242632
497891 497890
50323 50322
614459 614458
103856 103855
810022 810021
642327 642326
532186 532185
222009 222008
955638 955637
537806 537805
950744 950743
397609 397608
938758 938757
629750 629749
446177 446176
278337 278336
551690 551689
20658 20657
569647 569646
452654 452653
177104 177103
979696 979695
267264 267263
100147 100146
642475 642474
410986 410985
618750 618749
274343 274342
908832 908831
884420 884419
31179 31178
406722 406721
448946 448945
645636 645635
510576 510575
258967 258966
802166 802165
556965 556964
480975 480974
757804 757803
94771 94770
431718 431717
669616 669615
547732 547731
575672 575671
115793 115792
826068 826067
127361 127360
650653 650652
395714 395713
580013 580012
341961 341960
448174 448124
907202 907152
959593 959543
122008 121958
800542 800492
625235 625185
845481 845431
768663 768613
11903 11853
890133 890083
671900 671850
479173 479123
4502 4452
680117 680067
782826 782776
832734 832684
262905 262855
734639 734589
832482 832432
655032 654982
319394 319344
393394 393344
248343 248293
943950 943900
253418 253368
405053 405003
95969 95919
94196 94146
439196 439146
901221 901171
542319 542269
346397 346347
860813 860763
73278 73228
555890 555840
486047 485997
327710 327660
324553 324503
906851 906801
217843 217793
405404 405354
386023 385973
222294 222244
494472 494422
577801 577751
463979 463929
757326 757276
721391 721341
101948 101898
998759 998709
376422 376372
392153 392103
624714 624664
183194 183144
54522 54472
438719 438669
688064 688014
148668 148618
877864 877814
589285 589235
99938 99888
633212 633162
450097 450047
582118 582068
189102 189052
345096 345046
909777 909727
922556 922506
251946 251896
536571 536521
327959 327909
46921 46871
167816 167766
231382 231332
624671 624621
631745 631695
988658 988608
346061 346011
142644 142594
987416 987366
131435 131385
972836 972786
788520 788470
165100 165050
564981 564931
251994 251944
603768 603718
253044 252994
400611 400561
890583 890533
251280 251230
909450 909400
932747 932697
701327 701277
491567 491517
530800 530750
455374 455324
810296 810246
453355 453305
707269 707219
346866 346816
190265 190215
163141 163091
514632 514582
421596 421546
146376 146326
819205 819155
542774 542724
288969 288919
215623 215573
83160 83110
670756 670706
4142 4092
248209 248159
235736 235686
256085 256035
260929 260879
897681 897631
65647 65597
560463 560413
148961 148911
493209 493159
259239 259189
875565 875515
24008 23958
714562 714512
685860 685810
886264 886214
830782 830732
32726 32676
76528 76478
993873 993823
547307 547257
907026 906976
190635 190585
102634 102584
726230 726180
733358 733308
391552 391502
941802 941752
816467 816417
471259 471209
354896 354846
473628 473578
706944 706894
19932 19882
734506 734456
604624 604574
85529 85479
294968 294918
162536 162486
469527 469477
197129 197079
421724 421674
345091 345041
630038 629988
136285 136235
30951 30901
516302 516252
967017 966967
63626 63576
1781 1731
369891 369841
19884 19834
908756 908706
560475 560425
122467 122417
634986 634936
702785 702735
922920 922870
985739 985689
519251 519201
394178 394128
749586 749536
401830 401780
510073 510023
769468 769418
545287 545237
114696 114646
263948 263898
840205 840155
277182 277132
733424 733374
446285 446235
698855 698805
78514 78464
76322 76272
244092 244042
518366 518316
592573 592523
620060 620010
581941 581891
594304 594254
989900 989850
10776 10726
912011 911961
550374 550324
133192 133142
546996 546946
253158 253108
465063 465013
941687 941637
181361 181311
859190 859140
691272 691222
583140 583090
369262 369212
460739 460689
128427 128377
892860 892810
724636 724586
377583 377533
578993 578943
867011 866961
232819 232769
686799 686749
354477 354427
309090 309040
930840 930790
310615 310565
959851 959801
454733 454683
313870 313820
949750 949700
874410 874360
225880 225830
909076 909026
416554 416504
181828 181778
162233 162183
881566 881516
123514 123464
752495 752445
149758 149708
223737 223687
335635 335585
927921 927871
93428 93378
872963 872913
820780 820730
227015 226965
659497 659447
808724 808674
94026 93976
892265 892215
495523 495473
448452 448402
610306 610256
835314 835264
321243 321193
172251 173620
890589 893109
891558 896247
985947 988410
209547 212124
98053 102468
75159 78323
336065 338361
64267 67195
214725 217555
326609 328037
914338 916922
166740 169116
152817 157267
175793 180537
449494 453022
292244 296747
676864 678853
348638 352972
615381 619364
845154 847371
52809 56459
713841 716086
217068 220087
855310 856607
157240 159039
176185 181011
181581 182937
546680 549679
328591 331844
409517 411017
615955 620773
676955 679232
388778 389878
705414 708997
139153 142525
186116 190579
67970 71390
187399 190258
875623 878214
875841 877348
739456 743899
89726 93005
340426 343483
121763 126336
309851 311247
892656 896724
462047 465409
496286 498054
334146 335978
891233 894225
227518 231158
152795 154507
683006 684109
325898 327513
642309 645367
798908 803394
69169 72751
766064 769556
610116 611954
518025 519360
216612 218145
556581 557663
422743 424165
416168 419518
583645 586753
778321 779535
593050 595201
976423 978372
9566 13918
172128 174933
53123 57889
12286 15839
70627 73849
707495 711073
49057 52712
11969 15378
235417 237115
227108 228849
51240 53666
797302 801425
365847 368732
19304 23306
866175 868722
633356 635236
879380 880961
690919 694501
792854 794843
68326 70985
239515 241072
48604 51438
42391 45231
937919 939298
82253 87075
58244 62450
65185 67324
342429 347339
193765 198246
914282 916427
53836 56632
525374 530136
471748 473007
660340 663317
21905 23763
790078 791336
177620 182610
510471 514912
227496 232207
19433 20814
197098 198834
119051 121327
125411 128585
332630 337474
706668 709107
670525 674128
467782 470942
987091 989747
315308 317752
145424 147876
690101 692083
401027 402272
346239 348502
426591 429148
23281 27104
270400 273378
248525 252058
49784 52418
181900 184109
103119 106688
102321 104119
125333 127045
129403 133563
333798 337615
323816 326094
34702 39595
505858 509600
330193 334470
70496 74389
388830 389841
93592 96460
13843 17022
495591 497518
312093 316005
830361 831552
732584 735131
742265 746972
667730 669443
531311 535896
788818 793552
511903 514320
195529 197242
546415 550931
197054 199102
195983 197793
215863 218275
67754 69696
690852 692619
583418 586452
553507 555116
733115 736192
365849 367460
63544 66024
383126 384877
891793 894613
527159 530372
947095 949883
557775 559645
43505 45916
618240 620474
642152 645675
35037 36064
90636 95181
88892 90158
673629 675175
195330 200098
329316 330362
105397 106877
310112 311188
198710 200803
139411 144090
70486 73245
681369 682850
324566 326583
109394 112267
313135 314474
307131 310526
325714 329138
314108 315577
247 3303
442858 444947
242737 244192
186094 190885
326201 327754
422901 424669
178572 181568
93501 95804
532453 534208
333133 337289
232033 233771
228338 230566
904159 905480
56474 59203
468321 469968
227737 229595
577596 579208
633572 636183
614232 618002
469714 472514
189804 190945
448000 452790
16526 18868
113562 116700
922956 923977
967186 968468
35854 39097
102933 106458
446427 448311
986625 991327
8802 12315
120492 124885
23253 26539
118409 119924
589588 591714
553821 555759
561896 563164
740287 742048
682219 684727
162707 166069
464283 466588
93700 96100
108392 111912
300663 302045
233732 235190
64931 69805
411926 413340
680541 681639
58832 62712
259131 260523
315069 316947
49883 53633
201937 203101
128108 131254
440523 443233
99858 102260
120799 123672
232436 236746
129434 132523
192572 193637
1267 5615
155311 156473
167952 165095
711770 709031
674025 671567
821908 818573
551359 547485
558231 556789
687200 683277
183901 181199
444557 440333
4874 3631
11136 6585
234401 231114
198322 196305
571835 569015
315733 313851
177430 175959
548711 545986
155234 153650
35183 32707
251007 248770
675219 670451
56305 52296
109443 104808
598501 597327
677510 676038
295935 291696
558102 553728
149356 146978
218361 215887
189450 186850
153640 152018
50907 46611
879738 875439
31203 26395
661815 658793
795389 791651
189497 188076
175397 172563
126836 123976
675569 671506
127850 125749
199100 196853
87410 83962
236416 232151
266270 264753
627742 626345
103029 98321
184211 180024
316212 314322
376303 374227
236140 231245
345071 343869
571344 569125
897572 894561
633951 632751
375166 372243
496424 494086
25426 21303
468761 467723
452679 449700
181150 176811
57076 55503
2807 188
629345 627164
477648 474511
314788 311535
226302 224572
447675 444114
600722 598226
616982 613933
16224 13259
880749 876817
70862 67928
469589 467312
22508 20030
674919 673867
156999 154704
300983 296579
35334 33691
134130 130695
302176 298793
347010 343354
374577 372399
533197 531779
677631 674098
399997 397366
38510 35955
156390 151446
776952 775849
413565 409625
81472 76924
629717 627497
179573 177276
76659 75352
523232 519850
141449 140144
46861 42817
374684 369733
685803 681910
490347 488887
51653 48131
165270 161745
224535 222664
991200 987834
84365 80086
248780 247663
265237 260728
42735 38549
790554 789393
325677 323789
206857 204760
175102 172572
18574 16783
231585 229674
44471 40802
14146 10933
368730 367604
220986 218637
128578 125910
990288 988044
113310 108961
598846 595364
80355 76215
876299 874737
22137 20481
678270 675546
763314 758357
73936 70393
642780 641257
217615 215350
62101 57787
602283 598852
3438 2424
346930 342671
104946 103117
988247 985035
595224 591300
99070 95551
356789 354130
20314 15343
7646 2957
367200 364572
882678 878527
429255 427013
23033 19769
102609 98849
763415 759491
602858 598826
217378 215008
620547 619379
76422 74738
147093 142704
253555 250837
763444 759241
522572 518782
536304 534829
117111 114427
745106 741572
94676 90778
896434 892870
39119 37611
599317 598157
882771 878934
266474 263029
262817 260938
120473 118749
535549 532009
575533 574494
198073 194441
218451 216041
165341 162236
367132 365910
519684 517215
463478 460311
444829 441846
448078 446451
65587 61245
422868 421216
523601 520114
175598 173354
155099 151678
991772 988006
384505 382797
762469 757716
790376 788979
118046 115572
506965 505055
353355 348900
801691 798625
101449 97744
14109 11316
879679 877741
23998 21628
19540 15616
922569 921318
494944 493557
39928 37390
329374 325147
17050 13167
86158 84443
620080 616577
116391 113831
833265 830973
332495 331078
220045 215532
826938 825334
121087 119030
712971 711296
278715 277560
526775 525482
80288 75569
189803 185581
677419 673246
661373 658754
54374 51984
14057 11986
916691 914441
357427 355172
145460 140929
219835 217518
265829 263753
750550 749153
51780 50466
763518 762038
40275 37735
614855 613114
530057 528267
599182 596078
392156 389250
14477 13198
133295 130588
534933 533165
604628 600445
443908 440264
279870 277125
24540 22251
32772 30937
236302 232901
686196 682435
759992 758930
80469 79440
127529 123664
67909 66832
399774 395271
338214 333957
251081 246857
47906 44470
199031 196318
267223 262611
9431 6481
