901701 979102
297525 721488
636357 510786
785876 452455
575974 669118
179602 114577
469287 517489
226584 103846
694922 95634
332536 247029
60022 977715
600404 420135
610021 427113
242505 714961
656512 248280
222883 72419
227382 34612
308111 863738
59603 93987
830397 635576
277310 9999
264358 746596
41692 5146
364646 736613
100779 697181
983641 675005
189101 98251
95140 313326
525363 337645
28287 696079
585924 765374
768497 327511
314190 76608
191249 373792
684799 21647
523573 962108
545849 302135
222909 587541
307280 587554
838358 922262
798939 336205
597267 502244
434455 206612
815570 474022
58461 358061
170101 644384
637639 452803
486099 951829
43615 677348
839825 242618
213199 877602
718930 273252
693941 456043
374997 1221
557801 213356
437688 356740
549560 34955
373189 498219
755770 188759
972240 814230
546819 656545
972819 698663
623552 458918
650492 181372
650470 4522
423989 863668
396329 657124
651125 90270
113167 26122
91491 670968
753681 529178
541912 817445
78337 915100
315664 834107
618063 802108
162542 679087
972858 135361
377750 596410
594279 542446
291986 244749
546967 230180
622622 457500
887303 273747
547770 470
299868 153465
185642 53550
682642 241759
870994 275183
156859 700863
623494 289127
17176 786036
968213 990033
921396 345963
100649 29880
888408 392634
274629 949579
622813 411455
407080 510116
685201 469054
24791 499273
622518 724636
67027 819364
966394 452226
94547 637458
153089 232246
926584 170264
18282 409002
160298 453882
269169 260946
483762 671781
167784 272595
135565 790597
684049 542644
814917 883454
525902 353912
382727 148420
592753 449754
967783 559147
901979 576535
710809 569272
808780 151598
253740 341266
560599 928241
795147 343972
189187 793113
15753 871175
579912 151318
661772 263961
208166 990893
147415 734068
859010 44347
882487 451763
8305 364476
10910 910283
941010 235924
993759 263995
387521 247499
605260 462325
175741 914611
806296 879131
707725 336254
750306 287637
487571 926282
65803 209941
431381 727421
458213 290391
771767 340701
742153 780071
219381 267267
204559 160391
503190 198318
424385 404916
960021 29645
867240 135762
944255 187741
529097 166185
523994 793608
968026 525769
234095 33829
249915 665475
761249 708127
955865 47222
563032 212223
827292 782412
479490 546056
942802 496884
258578 881391
416004 218599
425240 283244
868564 883700
985189 397662
564089 23388
705474 532115
549157 939568
80148 799071
605044 841397
507198 75114
402823 584435
287337 230115
366847 281031
290375 823854
292119 548953
705245 708123
767551 644690
505571 150321
42595 490760
62187 606683
28353 767660
138799 577509
707228 218946
890784 826476
574547 912186
901590 977369
496621 703131
721689 863468
498366 12064
201527 790484
75221 420976
12812 842772
65666 518383
507297 108260
523347 569483
229148 551699
337143 882150
643412 558575
615300 534196
385052 189848
960587 800846
681421 457208
503977 917314
834880 2343
443583 36407
307031 518803
457383 319843
875779 37253
838225 383076
659717 875776
952558 888864
427476 803905
771014 70888
362481 386314
119289 747532
90366 79876
548378 285992
51288 566559
203306 400373
568901 646888
436779 875931
165692 408366
195774 41471
959823 548203
938751 619540
423980 891309
508404 365660
695215 793622
950751 571900
694140 70040
319432 298711
664119 382014
584702 229612
948572 302212
629984 31678
949100 580967
421813 628996
989333 131792
184671 949156
679994 123422
82901 618178
528936 105509
983837 224151
899130 934589
310255 107475
518833 143891
406185 697157
525904 990886
440973 988680
293099 70957
534562 756403
651923 956374
899603 155461
88166 84274
618821 282365
721900 215926
900542 250836
321434 398585
989190 220564
847378 299445
842243 880415
443335 248428
577572 483443
753519 18545
472123 560822
603705 520889
317225 769833
477263 731032
439498 79634
815305 58320
361998 537205
274245 776744
302245 109884
175329 291435
330447 22707
105084 686894
417327 548418
935322 509103
546065 203046
41853 532392
763867 645557
53281 595296
415390 530544
326328 854888
124382 655837
427412 486379
707247 215861
263123 9492
325744 952656
815131 170396
489567 920214
857289 906893
982837 306816
415997 43107
509861 457849
575499 787932
103406 628779
897432 33001
673527 737964
402093 797908
393802 343709
284287 101049
73774 61615
624744 399518
14271 954079
84118 503837
874294 455611
924935 371336
276632 340932
414442 300697
312985 989940
88630 930594
132925 500266
477799 806451
238231 879891
118565 632032
737804 917055
247285 811578
978669 386233
725300 507144
340313 323622
525186 728811
779232 964325
100147 55864
305257 28793
356561 132446
532938 959394
63040 665862
459660 540839
986517 697890
934934 619286
844126 672739
536342 91411
484317 29216
991848 723821
50565 332161
47443 575750
60972 826674
54280 675322
396743 359536
704114 267508
491981 751256
226902 69225
931322 686561
610063 917840
898656 544998
51331 742782
217737 587672
348398 216258
616888 340246
940078 667452
672406 501725
757406 247582
842603 811685
922903 239346
685425 141222
506853 691610
892478 733754
760834 823800
934520 885102
255845 833176
944304 307176
90163 676245
409052 438560
892502 25940
293010 346785
207596 479620
362714 479206
727201 205317
805095 164309
444663 4725
305531 465720
210539 712213
199475 485578
536013 648199
370680 306063
995579 314984
127443 85742
991228 536494
38507 397935
562434 331516
258924 284234
325341 621637
277645 52542
341158 596944
731055 785820
601669 36586
251541 812207
263003 965219
297785 313220
127623 182669
619282 123202
497652 746724
723147 3085
283219 761653
915223 359857
607374 688351
158295 932714
309988 950143
499460 165351
547088 744719
951170 662961
295509 716915
475168 558511
196339 287158
871731 323961
469826 5218
961366 481683
751942 684514
998971 549365
960371 914195
423426 567745
116751 581720
14664 940943
531864 28329
106294 593156
773047 57464
256117 68557
288584 245489
627067 484922
46851 13003
323088 516677
18221 798658
512564 284367
483172 25740
833731 957748
454139 257157
39698 570890
353081 54362
511833 399149
596894 618126
506509 369941
189794 762625
952701 478377
8115 93974
477504 54965
106976 314796
85846 125196
113454 112614
409562 110831
138354 757497
68579 106697
528858 108276
677586 881939
676841 703623
795292 787939
321749 301802
157881 511543
578631 624786
504124 100950
718759 495832
670119 825735
810627 755964
465135 438286
382783 388902
63321 35341
660603 131899
142037 189462
754378 333828
585605 945424
37451 380897
733363 359200
196903 405448
384947 775534
30235 889070
876483 748993
899107 546602
88933 709734
816771 68273
662224 713758
971378 725544
749098 631981
371647 405339
335647 126026
739166 921251
585654 776617
816353 319017
650021 527460
724465 549172
302994 268904
952446 693682
532101 851553
754488 135239
75493 571259
717715 737716
799221 689093
977465 548319
835278 349112
467863 170926
989341 207029
606381 574995
497850 422734
408217 662075
950194 646886
211247 767392
915789 163694
461074 962094
529451 729767
97333 604943
301026 815047
856864 100248
18345 834329
162771 367828
183441 630633
538753 686987
351867 659338
261982 849716
596277 184403
25997 60676
831288 237243
828067 261282
915140 803346
223377 444592
533113 834913
49535 348343
164166 906398
962794 182510
254932 125566
550337 438373
270403 603294
639564 622269
776837 415750
986190 373114
600153 12187
433789 431441
763633 261856
206928 678774
579406 430304
123366 112519
779421 687104
975066 943586
107708 937860
126097 362639
577630 190638
315216 848033
308137 954779
984506 84974
370530 970696
458087 970682
497087 891875
916327 260721
667935 123255
453699 247342
67763 91269
874064 847184
778372 849130
790770 886079
301196 431071
248719 878825
135914 563934
241063 444050
32919 225570
529023 403448
710470 501314
888334 721762
393189 318866
496687 575328
956325 950385
336874 24088
41654 210939
385476 820025
574273 690451
220310 875468
121522 983232
268499 257435
61371 509561
215689 94289
249335 744711
11941 474010
760229 900274
195772 153418
733345 692458
242951 689670
642843 579824
227962 198701
790762 613438
532930 879240
818093 753239
268913 453819
736471 537411
225459 797842
561177 441147
406335 810511
700063 418276
284521 460292
832754 994496
127915 80304
686954 370865
769973 844001
950688 997935
42702 255656
125578 575632
649100 943670
328871 918012
911693 579547
455424 137152
891593 530805
578299 297928
341316 278362
230408 140042
738653 577367
134538 380772
657670 335697
751636 427644
179698 216530
939783 222400
472185 579565
798031 121285
37440 641106
553501 949132
220653 523129
86285 626450
53934 664583
924378 909454
457149 668990
49496 710006
246357 698237
90779 418232
33934 842414
360080 727836
573148 814067
950235 559537
393632 262471
195026 431071
903576 748527
380203 638434
271656 466487
264884 325590
645274 703466
235044 102423
372457 798743
812429 133018
11185 417412
65454 559323
774030 425533
287159 347179
239600 751598
906715 147436
14069 615946
578506 431849
364473 472914
584487 150333
453605 363576
475922 98880
67042 225170
715506 953702
538117 42140
600925 63507
459551 180583
622829 747786
606116 424192
94965 359920
175790 515884
507356 704062
131830 600066
650115 10507
72980 748807
160840 40790
112383 150966
139669 693628
890340 369379
161536 428457
411519 276665
6168 385274
457247 628996
133060 63363
567392 742228
937487 257386
772317 959047
475652 904146
559113 125768
428858 146298
388779 589697
187087 501161
740662 840959
708993 631002
210338 870528
573664 136061
661397 579831
35540 118645
723032 682803
696211 290424
939236 633698
62015 711553
106950 537666
129904 666063
177638 558761
812360 566416
148458 513651
581781 403325
354610 290775
548531 79152
675507 636399
215213 336905
216231 764956
969753 453467
447759 665964
258095 386995
813867 320109
98548 920816
857775 742656
586879 35413
301417 913443
116034 449875
941298 697814
367404 295908
502793 915934
375060 178301
552334 104477
29410 282769
869432 999162
250440 831395
665126 508534
732595 993197
828643 345347
914014 200623
88003 15098
236035 389420
442746 352068
353499 384044
564087 720902
679952 66880
151041 569216
245180 217579
187897 788793
14552 571533
787955 264991
402928 967286
773525 135523
960483 602168
995074 388702
316995 83077
403800 553029
472496 846545
419302 340199
230589 497593
575305 424745
564472 726346
508165 323857
458129 696061
112650 472681
267594 414810
737671 184727
896300 511196
834453 856783
627568 829527
245486 944562
426809 163490
11797 413509
10035 945302
753708 754827
442895 329013
693777 7367
569563 201942
331223 27693
412208 958077
500373 194006
887091 238044
378732 783391
749240 727390
154379 376808
71122 914068
835575 497930
77558 847371
911439 601796
792673 665147
356624 235568
508364 50401
757138 77928
766546 602566
105620 178754
560643 605992
372760 961938
358240 265696
745329 107480
993085 899707
998492 578412
813776 348272
76342 891333
195643 501985
493130 502520
681336 363958
252292 189701
928562 9430
781832 695108
126200 887451
873862 201047
7648 760826
162985 365887
26522 908313
987571 533812
808021 500268
112224 136002
848539 702769
541539 44182
204755 548873
60906 400295
912830 313197
589995 841392
836830 886031
536501 963030
287687 924567
678281 295334
685393 841266
175426 711914
749579 162997
245726 71805
663264 872153
722010 26008
574923 263550
70189 293882
812422 645298
694176 239458
472699 798376
80850 309529
198612 131555
786763 486299
570326 465045
295837 255719
820515 471262
967633 570094
148463 727563
156104 325931
113922 878113
351938 203049
655867 936330
11135 982494
581628 219515
221952 54327
532095 817005
878060 730707
462765 179028
217006 33091
644072 512842
288810 464587
984104 770647
548886 646771
12415 219194
972702 640540
611511 838844
843588 267379
775175 854722
764077 871007
74238 986028
439539 606332
317238 317599
337039 780002
496626 68249
813093 654903
581091 616107
633694 79400
900958 182580
240375 913372
915977 727281
68118 527489
566126 911705
309072 341301
280633 73149
726512 354870
573381 166051
475406 890618
997853 326650
184826 8685
394898 512123
663587 490193
128230 297281
83797 543392
994065 838376
456764 910042
565657 524881
437531 131783
950791 260807
987287 231424
333955 713800
100498 907335
394055 575903
312159 391909
902552 496984
400593 811655
9107 578384
816052 137336
875664 414054
680727 383934
252430 651695
293977 818086
690781 245712
464074 155777
506519 451361
387200 354678
679365 487697
262014 587625
577804 574172
979533 994561
71156 894330
320421 594466
472714 136473
246006 862582
64731 440937
760721 831364
606836 54698
649451 297617
814613 627729
967597 835336
79090 869001
190015 272660
870902 966232
860284 448707
540404 354022
957472 125764
762556 277893
720229 749474
928569 966234
612056 507505
921375 372777
338869 528211
941678 988319
825828 270497
130253 307630
105833 209343
176632 295847
996206 47534
262079 856490
10445 316687
724716 967916
442450 487272
760013 676883
236746 688583
157322 363006
196088 78697
249988 534956
606908 705870
37481 946940
976366 167733
768774 82200
891279 945405
378046 401690
507144 154330
258180 517588
471016 497100
999709 427671
984371 759722
618758 735321
962509 290285
612532 158597
368981 862519
207758 490093
82594 759442
951237 58961
441379 720012
655364 332659
179622 547614
734348 686765
701943 506733
718558 172960
518037 718267
114835 502409
477989 733592
751934 440499
23877 364466
113300 907062
741189 835261
397155 337988
594703 862597
911152 36083
582609 566516
882945 276435
114130 131498
963200 816073
638230 681758
503237 156268
914229 618071
172881 392218
865867 439019
346921 889744
317690 974425
796806 573083
809686 708165
911070 918594
570762 822222
954676 667575
902942 351826
944010 17073
483323 421415
347350 635758
617377 364791
306230 531606
497066 993314
438028 362933
432333 299154
252677 264227
273579 563687
837310 83265
271853 262585
