1 1
10 1
999999 997824
984624 997821
983040 984622
1 159486
159488 212648
184542 194449
370186 373515
93026 126688
88829 107217
61688 69669
322345 350960
335785 337817
324320 348401
75114 21295
50675 95128
51425 1024
937519 926518
184680 180219
237804 236127
346526 320809
71202 71218
336481 343889
695089 690043
1179 57878
154940 83762
250197 260066
869406 872318
52399 60777
32216 59664
125304 184
42561 89449
608298 620843
137588 133191
39099 81372
919294 919414
188934 174114
27775 155661
942084 943674
213941 213822
397154 380518
97365 54106
365117 362475
147554 43381
140472 32314
109447 23588
466296 464604
22336 152563
86169 146203
24209 116505
172602 210398
360804 362473
138245 97952
597777 603334
65307 159191
25162 89635
46489 69707
604720 602166
26347 48163
17477 34598
315530 301151
985405 990942
47460 43289
101196 80560
592638 602201
623942 616975
125688 41283
54055 93008
121030 51458
315031 295411
357202 319872
16417 109728
162127 182612
161186 171897
461340 462054
48913 89077
48098 50022
299653 314040
890132 888985
901025 897163
106218 131970
306610 307606
110433 88981
33433 42588
128434 20641
238260 238866
540598 541029
343435 323458
139383 53719
138568 139594
142870 130981
5364 27324
709982 717224
246916 249299
12839 118635
517797 509938
340114 330320
279640 277078
433603 449008
311600 312906
56423 95378
705354 708010
383096 400968
99395 64608
120133 51626
501751 493474
44646 134015
321965 346024
24907 91439
74184 140313
368218 364631
33733 107665
91394 19155
12622 127022
131263 105472
622032 611664
142706 104960
162645 179131
24262 116967
201821 185309
148756 51082
134500 36896
486 20889
105193 143373
108208 74194
263389 263606
8524 23892
967794 968737
97082 34165
65057 53560
515705 534482
17554 129838
400245 403653
30904 147411
947426 953729
158029 28041
137812 81241
57028 2711
950788 953408
96607 20174
79150 46618
460338 465024
28976 149220
38483 135074
16363 79542
707630 716074
320345 329419
187627 187227
447553 437962
45930 143487
67022 133337
126519 18743
26910 94755
443531 459199
685193 683513
793412 804338
188414 210448
898953 896846
556741 552770
622654 618856
23311 17186
82598 127669
51865 73159
336969 340033
263048 250844
211647 177422
104341 35274
16373 58552
43743 102140
990172 986927
31884 117176
137179 39853
92526 119898
7698 95326
964123 973617
142758 150124
296385 311786
365143 376733
615403 609203
22160 39270
182044 174094
799868 797758
141936 32595
119551 41297
670560 680814
611986 624867
113391 96980
116948 111338
564095 564266
64876 5137
593049 602700
68543 158702
44529 126390
58914 47784
80496 95658
2718 97461
190145 180833
42212 31081
81739 17765
41784 83047
6285 133232
56848 92192
131010 7027
493487 499172
21905 135588
19537 125226
247 53904
72786 128752
155056 63073
98624 49777
208326 181648
126469 124798
345406 340803
299506 310965
5972 350
141921 36107
210104 169240
111754 85879
11141 85597
3699 124016
299722 300442
83340 58622
105365 83918
387531 396292
10003 48988
196586 208498
624199 618397
513762 522008
79633 940
12893 108210
152466 60603
22918 75277
556146 559739
136990 86837
25976 81876
141034 43493
965458 970954
17419 28571
149866 92834
41200 141782
231818 219797
189922 160427
131053 20460
550657 543885
72000 118698
247247 243799
721725 725933
58141 113558
575479 575840
504865 532750
382617 382636
147052 61400
114010 109152
79916 139319
186265 170050
70883 23756
147094 131645
116105 79923
107574 117289
143616 33241
108488 155963
161494 208206
125594 91858
282017 278061
43784 61983
155324 27078
24364 153549
334913 348269
717540 713997
64667 67703
175834 210005
622770 618160
111859 54464
155629 156223
4390 64657
74546 89532
95677 42376
22084 67540
70386 150353
116259 72345
972099 963778
311829 308227
55138 22761
17935 106037
48256 141242
670253 680053
96496 84151
59946 91716
715376 714940
37696 58402
81151 149153
41908 28928
9582 1994
339317 355077
334939 342527
206931 203533
68436 16020
150919 45639
660 145256
20205 8802
175436 185809
208202 211188
600547 599418
171431 182138
129888 97995
49539 112148
329870 331391
117801 79918
19521 105119
77168 74500
488006 494952
45111 67242
333075 345747
324904 356320
505028 509317
74103 21034
346752 339914
43550 11431
20644 60136
123500 61738
544870 547654
65016 53554
694752 689819
84664 119485
125504 53300
11303 19545
335337 319930
810970 814388
596700 593453
354678 350679
97159 154556
801812 801249
15587 91211
520851 535991
34948 72206
408354 406268
32917 14927
449786 440585
153251 64659
94435 154093
152073 122305
77786 143972
79983 80883
406174 417065
3282 132153
63423 27299
137089 154679
45206 106493
670021 680701
801417 805098
83178 101562
113046 23339
171863 195276
142954 103485
90257 124947
83917 137438
152049 12868
621172 612390
98710 3170
71456 78740
43334 149388
402615 390887
27687 130407
119790 73371
128 86612
103097 87671
449037 433208
133300 36625
17960 150515
177815 175744
400350 388639
147306 37581
350446 352753
599932 592073
134886 158852
32722 55331
112379 152866
453601 458470
25119 105261
133566 98460
93403 124919
27801 38085
39219 2356
161134 173291
60858 55903
90180 79633
7098 142544
351874 351993
45107 152356
612681 615728
97375 40358
40287 130345
53094 66804
34763 43181
101622 17797
534961 517189
278822 273007
495499 488375
466927 465424
799520 787507
145016 31095
93483 153214
450384 456863
760628 758761
182658 201561
156302 53875
145181 34562
126795 84141
47317 8013
211333 174111
178047 198963
136826 16466
55724 156602
45015 20953
261283 239254
46435 114594
81621 72002
174112 203778
121999 71099
317532 302329
456641 437189
37260 139623
15834 147248
148680 100354
329878 357772
398283 392601
19242 76737
80730 81245
159558 210778
132914 138663
597895 598953
467554 470170
586327 592055
147991 88544
11529 62831
118895 100852
175735 208194
335946 326843
100096 152462
109168 156931
541868 542849
32394 69192
176276 163048
144308 68212
551928 544288
67431 61783
36701 94761
117279 1150
91774 51681
99718 21291
590795 599390
997565 985091
60171 36506
131849 38295
146898 150316
343697 327705
147960 58566
532620 505141
253689 269018
349563 354387
89001 139427
59400 75484
20626 152688
82703 122198
9782 51690
507012 530344
23321 104038
50694 149652
25373 124165
379086 393749
125615 88477
790485 803678
704903 710623
100849 152473
124731 91328
135057 150728
345762 334124
42426 71566
541500 556916
124866 15129
87222 111194
141471 51411
204001 208392
470360 471028
108682 72013
24628 127029
314474 314120
86792 91711
218931 229120
551645 544987
984686 984814
37104 79023
181122 170754
139431 5445
416102 415530
785913 784465
68662 53454
477956 475547
15669 41483
459191 457867
60562 59782
519074 528915
346677 336409
276011 273105
316569 297429
264170 259606
596886 590002
44815 91635
65351 109727
92079 158415
49568 130636
408237 411089
10004 69146
447091 450080
68127 76938
55226 96482
144271 54486
86478 149340
143222 60518
211576 191956
66457 125382
898741 894329
243612 261407
145169 152364
373070 367625
154367 57991
108430 79901
448006 458820
95654 127565
183145 195197
321740 337670
166288 203398
386567 383017
761522 763642
36905 79852
89151 93063
70425 101625
401746 395051
404806 402064
333402 333841
105141 28825
724981 727691
67902 101446
129429 77745
466266 478299
64546 25099
52403 134516
479690 479718
353878 356065
249267 261621
698046 698002
149350 84892
240732 261293
108037 57916
466261 460130
542774 542945
81791 83540
33162 35932
7280 101018
138547 134463
356939 340518
570477 570794
100340 97829
626672 627489
511174 526745
415019 408059
371054 367984
52575 136179
130397 86426
69029 149681
13322 22762
49151 92728
13438 140075
12195 8768
351463 328934
58570 138008
27894 126958
705405 716221
157663 9721
173774 195953
412364 412924
109960 127110
105849 88210
47369 31516
745726 743130
528085 514968
147877 101168
58429 61368
176457 201794
108406 57289
295966 318397
17932 81266
210111 171941
532677 528230
344693 342435
108525 111328
155097 74761
73679 33739
11527 51515
261633 242404
116427 17057
154877 113933
246372 250641
436 109490
123370 4381
294485 315247
800757 799337
328880 355550
93998 71026
354756 358141
142878 37268
135415 52630
993783 992243
127893 14136
124443 104769
15275 51858
172402 187291
129492 50139
129274 84296
967258 972990
55573 83706
131045 109342
668145 668425
148125 35077
31932 71499
108020 110038
992835 996710
933138 936889
276690 278905
19261 86372
78493 147686
802436 804002
59028 114941
126032 50404
134000 150289
415506 408955
44758 56449
86381 82061
236225 233106
126070 123893
163619 172827
128682 59854
505630 525683
7533 35562
26982 128524
135992 104036
980918 977448
37687 12357
716076 706215
270192 267470
160732 198044
188732 172792
81825 4175
4158 152806
300304 297119
670205 673138
125813 16243
39507 78187
68004 114097
76681 125966
75244 73384
33131 52226
112033 140621
938026 939481
5926 137399
459597 447894
282484 272017
384371 404699
178207 199250
71821 60287
54859 54387
132446 94934
216106 216338
382393 396267
206905 207344
163107 198541
139841 137391
92598 57685
137542 105781
306888 304073
91145 9870
152398 126315
597008 597969
83173 33428
516523 508953
132546 118299
703809 698910
106661 46936
254407 258882
101798 67137
138636 1774
122068 155334
140551 4977
437562 436566
110194 115277
70156 152081
439718 450389
46927 139146
176054 170470
74390 112783
987808 986010
60420 13888
746898 738423
76738 18943
134464 64158
10022 122922
380700 401461
517931 524097
695198 702582
93082 4803
47604 47150
101963 2941
596214 601528
107617 33525
27661 88427
447422 452345
84205 26082
184573 190036
8008 115335
176359 186117
278517 280556
177392 169669
394180 405172
184610 160374
631327 637315
112469 11471
558721 556020
99085 5752
83700 92043
71654 122991
109255 110548
6417 32338
53599 88974
515927 531697
73866 17346
353358 320140
468675 460643
805588 791923
65209 54201
328658 349026
73492 100697
495037 487934
317549 301535
144682 123920
86432 154099
187219 181794
12472 28775
129969 23149
109421 95758
473765 477743
49860 102130
93889 134119
23 135259
605535 584289
110403 79497
151935 96802
14994 34548
605860 583335
74003 147916
504226 504136
107360 63296
39500 60083
323086 352704
231233 236769
90972 118985
99565 95598
51282 4275
55756 100321
713493 711484
185686 204442
90362 51371
752575 748728
20584 19904
71247 95132
231281 220620
374786 376395
80146 71799
392999 382166
449982 444547
13992 70056
440584 446466
37415 64495
113874 28628
100822 146739
308637 297849
159804 182612
978498 981734
79000 51302
36295 40296
41052 86999
132495 97984
551099 547053
595312 589283
186748 183202
197226 183039
67173 66397
84844 146856
31200 103951
10865 123724
531274 511224
256460 241189
115828 84501
934236 933781
34924 13223
335182 330553
461681 463107
144189 13698
17800 39211
769595 767848
45956 46923
210797 170324
264692 263355
258159 251770
141638 125904
199202 167210
130762 86799
989205 989293
170145 182572
10665 90441
28072 107839
111847 55907
588168 598722
6100 8580
176611 180976
97206 129360
137244 42138
25161 15214
38998 135458
33426 92566
145879 91167
765813 767997
433073 443775
877084 886187
149135 100054
160011 189771
117701 94350
117591 104018
30484 23180
671395 678812
800520 784057
17870 141352
149988 119467
335606 349755
27770 145816
102220 11566
66913 49908
129731 103774
552232 557063
43419 60468
59610 58304
360548 374095
118827 42506
305454 298356
29526 37961
36583 97876
304176 314276
74372 96644
168894 197531
698164 690474
144504 48767
52097 111452
88103 45267
335795 322564
804429 782564
126717 69360
62449 111672
1936 23690
13615 772
154650 148436
65483 123419
122437 41105
527248 520962
187483 166594
925928 927864
113364 127762
592325 598248
30608 95848
79208 33012
5815 54260
790539 799066
151823 69780
292393 314695
13589 89322
933431 927863
25506 145019
114908 154493
794895 788025
97978 123882
98459 1280
190809 160046
231534 224820
419091 414945
87716 73768
145917 70238
146165 66586
80913 127518
116320 71422
122475 70178
506770 509609
658953 660747
135306 145826
97459 126187
184941 206128
3563 10663
20884 66145
195930 184045
132859 83415
7550 87421
155399 103812
309113 317874
355100 336261
886527 883570
229542 229194
41856 93382
76682 78530
169552 187692
17714 94528
99599 66159
133414 105668
55554 51377
208147 175011
65146 124194
63002 104939
613107 623243
157075 146561
875436 883612
260844 254991
153027 84719
38199 72300
44594 141485
80703 156591
797982 795739
173341 192473
140426 140844
130698 154404
477257 467363
534540 523915
231278 234160
22842 97641
37615 15018
116896 17549
30738 137622
51423 101622
439815 440205
49020 84889
151364 131624
67308 100208
127951 134992
332173 354648
499833 493541
19531 130966
206951 191970
236399 233240
553404 546715
521819 505143
124949 150075
402834 385273
133832 24300
11642 52346
384744 393847
25057 139220
34604 113253
980941 978214
90495 154770
139817 46219
142410 64610
117035 31256
26540 97175
198723 178553
41592 117063
5469 46446
258325 241794
699810 704443
367171 373637
292258 303337
83233 19550
102752 59052
704002 693608
261407 266344
526390 523554
61241 1507
182117 186535
226083 233527
69617 46906
434253 440187
34016 80607
157896 74049
84466 136685
111166 158989
94583 70184
115746 69314
117732 63379
5116 106126
65766 80732
373904 366636
220758 213940
35545 63340
41667 101004
113203 18863
