1 10
100 200
201 210
900 1000
57531 88198
25786 89434
111448 80015
29418 66943
19209 47970
11361 8937
19362 3216
71429 13434
73301 102542
1331 27761
83864 42769
25349 50419
64356 6217
32365 100264
5548 99463
17515 15570
74280 109173
57495 24838
75806 86913
44272 95014
87374 55632
56442 106735
11339 80363
72661 84639
22015 73991
64892 105878
69252 90240
42916 20226
48948 27772
7108 6987
13853 24622
22557 88132
86287 32543
65461 48711
71947 109732
96217 111813
4474 39277
105166 15813
72131 16937
52943 94146
43420 70326
86642 112671
47184 82049
85388 96132
109820 92495
103118 10292
69608 78166
50915 42513
63201 2995
43716 21766
65218 92424
20197 69692
84192 77855
37996 42942
47283 43430
23706 43194
375 62839
108356 50
31507 80362
48673 27945
11967 104283
104109 81575
69067 41643
76579 84759
110510 72786
59017 14838
51828 31705
37021 22639
62051 75016
18072 109334
70938 41777
105019 71312
57107 99994
71361 88613
66974 6653
69050 78941
63427 12269
113007 84985
6403 28696
56363 3531
101482 1998
84242 105801
33702 7881
15058 48245
82897 99002
44197 106326
93270 35834
64256 36996
88319 88108
12227 41912
47252 33768
73344 110678
46037 25461
82282 52439
54156 25263
8462 42256
93133 92703
100549 79326
100583 2225
14189 22590
101227 10877
15534 81115
112584 32281
70602 87521
7008 35321
81924 6751
69088 107759
4048 67616
19838 38821
72547 73994
16575 81008
68741 109707
12821 55908
28143 65895
10625 108205
88485 64343
71573 56510
97949 23267
41283 55170
110788 782
90490 31822
7532 112069
26200 77452
66304 111910
2891 25469
72522 19465
58968 93755
81663 71788
36281 62298
24301 112778
57121 65277
63739 81185
74279 799
104452 2180
55968 54350
68834 98949
86171 76365
97636 64862
40436 3050
63391 109199
28518 88404
15283 39977
68777 49437
111764 105058
111734 88557
56946 7965
106325 7304
89150 67222
8102 32712
21893 16561
87061 90726
2128 59850
6202 52255
77204 112510
55305 27213
108327 36314
2235 76101
28783 71012
12157 93038
15180 76382
68213 72125
36839 13649
31920 78480
33362 105894
111191 55255
9073 84870
98472 77073
97211 57165
81820 61033
56293 89616
40737 3731
78421 42972
79831 107203
66475 44479
86860 81654
7480 107564
106270 44318
7831 90682
9416 41193
83194 73098
48939 44759
44586 99902
74323 94288
43686 42761
41940 52470
18995 35168
56200 49908
78139 22650
43729 97105
67128 17207
17869 27099
11390 10758
23908 85093
101439 99196
78777 23743
58912 14334
68501 55989
66728 95316
36896 110413
24695 31327
1993 109563
66494 58193
46089 97125
33334 89817
80848 52953
59516 98717
80052 23397
61966 103959
60981 2515
89774 26377
26257 101177
40710 47250
43785 107437
29184 80680
56960 6370
64498 58953
2551 17610
69637 1131
67226 102970
43440 34693
42541 102955
85901 75084
78843 34485
18154 26442
36999 60419
52818 15747
48214 46020
62996 91998
105948 92179
11788 49527
98549 76285
60971 53591
46387 83099
54722 231
72687 98161
100796 67719
40226 73315
29422 5687
60291 67
98001 97289
60485 37438
113036 108698
35949 15142
39807 28515
107321 51594
30533 44980
80371 91503
98570 79249
61220 105783
31971 86398
90562 19386
40736 83279
45192 22649
88965 105483
22715 73585
41882 83199
63514 41536
31007 99462
56678 70813
14595 3109
74899 45128
48088 107761
89122 99149
73628 102834
91551 105598
28342 21223
77475 21569
104502 9286
44217 32577
67260 19423
58653 109141
55113 74658
103169 38612
60738 112338
109424 27825
67938 23433
25444 68517
17812 67057
54284 43931
9001 98326
102021 37343
72041 66114
58911 63161
27891 55620
48229 95150
27534 59374
43402 82647
20650 99062
7877 81388
98018 69792
61704 52574
93225 87147
7709 63528
106695 14484
59951 2315
112810 48590
39657 71469
67195 51059
87121 95086
106678 87841
29346 20831
33833 25239
55969 54483
10919 16337
88362 61428
86128 36684
66493 18463
76322 26693
34483 22127
41177 94433
24441 106478
95514 16589
17057 49327
20140 56669
96904 13436
31128 12869
100139 64961
103980 108599
71935 1518
11554 46915
15437 50174
36090 81930
68636 64903
108622 55610
87029 102290
36661 63962
95386 18793
33042 64934
20612 53181
8221 4134
19109 105222
17002 71739
9293 73474
66957 81227
74991 31002
80633 42919
81175 69214
11467 102303
86608 6708
44531 12747
61489 33684
76708 43494
4968 109750
60919 25579
2041 69140
29713 21149
60980 112587
92888 22764
72679 46463
103990 100161
77464 23733
29699 111131
92946 107038
100052 18664
66237 97074
31410 14345
17376 60610
57838 22344
9470 5375
414 11510
27006 95999
32659 40477
95205 12165
63240 6994
11119 6340
59647 41074
30072 41837
38823 75509
35493 91366
94172 101730
75059 12201
2693 44926
72810 13022
19761 82279
84269 20175
46280 111275
2792 78938
104243 50488
43594 54102
9974 7204
12933 69620
48278 43005
111456 39592
5132 33567
83450 51796
87788 111000
16488 90480
42544 89297
103501 62305
10686 26881
34971 56965
24774 103635
88395 81508
40742 18607
88101 50715
25811 101034
72826 26580
30657 23392
18663 101661
56958 102112
105948 31365
99730 9054
74336 94766
98350 16948
43689 61527
43828 78659
5111 21093
68912 93505
102600 62145
64603 77320
65351 42905
64972 90668
21976 48120
678 40639
102272 57636
95242 94839
41492 34083
103892 2446
15467 41353
85266 11647
102879 15712
42797 60481
36804 64200
106477 26023
78837 57699
55834 30806
100603 7424
8093 9198
8035 74643
2328 110306
18897 50061
91763 12880
84143 82274
81199 52101
10245 53083
63747 65615
68795 59035
12715 58090
9854 5810
84112 88690
63508 26564
71987 3222
99860 32571
78292 107894
107214 33111
104819 78602
83171 35692
43974 53933
4584 11791
58525 80701
17365 74764
32935 38651
20417 111522
96741 96143
3950 67471
23943 19950
46527 95930
89044 98878
80992 53954
93391 27316
87064 37320
105918 56853
73011 102383
63277 30087
792 8421
63279 84029
83184 48705
9299 56092
46845 106039
38854 3287
12620 62796
23236 11638
111217 112279
110516 31320
5343 43017
58635 44898
80336 3663
101750 105838
106045 4138
88416 59328
78431 38314
29976 725
87018 39274
56816 86355
31931 48161
89641 110423
63449 112876
8680 61284
64265 5814
45095 22099
48830 103730
66996 81657
59884 55364
26605 52548
11993 1640
111875 90423
105826 94342
91147 31954
20234 100455
4927 4656
35234 94567
1698 98682
46553 76250
112458 63309
82063 44171
85407 83384
100392 39021
4151 46895
46877 96628
51934 58869
98267 50427
101784 43203
97261 32041
75157 4113
19114 80083
74642 6840
13761 28831
105521 60313
105080 104597
76114 73761
101260 48139
109636 88270
87160 405
21783 86528
49524 26208
32015 34410
29127 86290
30104 13006
4950 105260
82991 89936
24454 44251
96775 38214
73081 41407
51018 64779
98495 13750
91031 86373
14381 87285
61262 54032
40181 35536
27178 89705
61744 11684
76606 90870
97974 59201
56367 55415
51080 25976
31969 28025
70227 81236
66238 95799
9261 69747
47197 107755
35989 90719
33239 50369
17115 94500
56892 9787
82527 84069
51983 96762
95752 81080
26742 80344
26900 83108
88250 77979
61576 6838
106003 18421
40565 11351
66711 49825
33589 66399
110071 69577
43737 29928
72437 60851
76919 15947
23129 111938
52507 75112
95318 34878
42810 74552
67713 69709
110151 42582
100179 58345
1911 92800
29257 42475
56642 95968
44791 90231
48985 107353
112299 45213
23900 23847
58555 53310
105666 81684
51866 44792
43414 99676
32161 38715
60846 99873
108424 10107
94946 95221
68452 96856
27132 50200
91822 83773
98659 89104
60622 34263
83076 12032
31967 59467
35878 90522
112776 28162
58824 51261
72953 54729
37555 105113
93443 50892
44097 40977
60998 25661
22817 81941
75009 2440
18760 5941
86212 69910
95045 99326
104172 17231
111357 88631
76697 99726
65771 28583
14506 77086
79843 39951
84306 69889
97555 64367
7399 94143
57836 20889
72296 33144
102829 33923
35583 74080
39863 8413
30609 87399
60230 87272
57121 10697
62521 20436
110422 80783
49019 77420
44487 81353
3989 15411
37861 54035
32270 111132
100670 42597
18639 59584
75740 73960
93506 111322
34658 85860
72226 17758
12370 19075
57522 69490
29771 6661
42418 26812
39936 43928
56723 36914
11899 13203
4817 2251
67237 37086
2 54525
32174 18640
727 107913
92599 46724
105853 79749
85076 17189
97506 97445
36263 41646
53553 18526
799 48462
111210 40734
92389 54551
30139 104288
67753 34955
59030 87481
24532 59031
94498 56705
77671 95224
51236 9380
94440 109580
89128 66134
13388 25745
50197 2142
19882 56241
20667 86553
104703 84368
79778 36202
1 113382
113384 134378
134380 138366
138368 151176
151178 159486
159488 161438
161440 161534
161536 170074
170076 184488
184490 191334
191336 201568
201570 204014
204016 207550
207552 212648
212650 213102
213104 226765
226768 239230
239232 242158
242160 242302
242304 245984
245986 255112
255114 258206
258208 268757
268760 270270
270272 276733
276736 280574
280576 284136
284138 287002
287004 288614
288616 290750
290752 302353
302356 306022
306024 311326
311328 318973
318976 319654
319656 322877
322880 323069
323072 340149
340152 358344
358346 358846
358848 360360
360362 363238
363240 363454
363456 368977
368980 376830
376832 378042
378044 378848
378850 382669
382672 387310
387312 388718
388720 392958
392960 403137
403140 405406
405408 408029
408032 415101
415104 419838
419840 420350
420352 420862
420864 425297
425300 426205
426208 430504
430506 430760
430762 431898
431900 432922
432924 436126
436128 437306
437308 453531
453536 459034
459036 459758
459760 466990
466992 477792
477794 478461
478464 479482
479484 480480
480482 483590
483592 484317
484320 484605
484608 485886
485888 487038
487040 488166
488168 491969
491972 498686
498688 502440
502442 504056
504058 510225
510228 516413
516416 516890
516892 517190
517192 523944
523946 524286
524288 525158
525160 531182
531184 537515
537519 538270
538272 539418
539420 540541
540544 542958
542960 544040
544042 544542
544544 544858
544860 545182
545184 552294
552296 553467
553472 559784
559786 561149
561152 565246
565248 566718
566720 567064
567066 568273
568276 574005
574008 574346
574348 575864
575866 577229
577232 579326
579328 580966
580968 581501
581504 581882
581884 583078
583080 588542
588544 589438
589440 604707
604711 604712
604714 606846
606848 608110
608112 612045
612048 612966
612968 620970
620972 622653
622656 623294
623296 626330
626332 629758
629760 630526
630528 631294
631296 637056
637058 637947
637951 639309
639312 640640
640642 645755
645760 646139
646143 647848
647850 649384
649386 650888
650890 654190
654192 654570
654572 654618
654620 655358
655360 655960
655962 656414
656416 665066
665068 665214
665216 666110
666112 667374
667376 669920
669922 680299
680304 687870
687872 688552
688554 689638
689640 695066
695068 698592
698594 699048
699050 700486
700488 704510
704512 704622
704624 713574
713576 716688
716692 717693
717696 719224
719226 720721
720724 723944
723946 725386
725388 726056
726058 726477
726480 726909
726912 728830
728832 730558
730560 732250
732252 736392
736394 736446
736448 737955
737959 737960
737962 747290
747292 748030
748032 748200
748202 750830
750832 753661
753664 755624
755626 756085
756088 757697
757700 763674
763676 765339
765343 769640
769642 774621
774624 775336
775338 775786
775788 777434
777436 777437
777440 780390
780392 780734
780736 781950
781952 782334
782336 785917
785920 786430
786432 787738
787740 788582
788584 796774
796776 803870
803872 806275
806279 806282
806284 807406
807408 809128
809130 810813
810816 814438
814440 815870
815872 816059
816063 816814
816816 817288
817290 817774
817776 822138
822140 823782
823784 824186
824188 827390
827392 827960
827962 828442
828444 829086
829088 830203
830208 833774
833776 837798
837800 839677
839680 840701
840704 841725
841728 844646
844648 847870
847872 849408
849410 850078
850080 850595
850599 851226
851228 852411
852415 854190
854192 856730
856732 859134
859136 859718
859720 861008
861012 861520
861524 863797
863800 865845
865848 868990
868992 870170
870172 871450
871452 872253
872256 872760
872762 872824
872826 874613
874616 874618
874620 882814
882816 884158
884160 886206
886208 886554
886556 886952
886954 889832
889834 901118
901120 906174
906176 907063
907065 907065
907067 907067
907072 907610
907612 910270
910272 912166
912168 917160
917162 918069
918072 919450
919452 919517
919520 920558
920560 924906
924908 927002
927004 927210
927212 930042
930044 931456
931458 931998
932000 932064
932066 933981
933984 934942
934944 937598
937600 939496
939498 940478
940480 944638
944640 945434
945436 945790
945792 946942
946944 951432
951434 955584
955588 955590
955592 956923
956927 957210
957212 957630
957632 958965
958968 960961
960964 963822
963824 967181
967184 968635
968640 969211
969215 971773
971776 974077
974080 975014
975016 976333
976336 978942
978944 980382
980384 981286
981288 981856
981858 981928
981930 983038
983040 983939
983943 983946
983948 984622
984624 991934
991936 997022
997024 997373
997376 997600
997602 997822
997824 999166
