1 1
1 2
2 1
2 2
1 3
3 1
3 3
1 6
6 1
6 6
1 7
7 1
7 7
1 9
9 1
9 9
1 18
18 1
18 18
1 25
25 1
25 25
1 27
27 1
27 27
1 54
54 1
54 54
1 73
73 1
73 73
1 97
97 1
97 97
1 129
129 1
129 129
1 171
171 1
171 171
1 231
231 1
231 231
1 313
313 1
313 313
1 327
327 1
327 327
1 649
649 1
649 649
1 703
703 1
703 703
1 871
871 1
871 871
1 1161
1161 1
1161 1161
1 2223
2223 1
2223 2223
1 2463
2463 1
2463 2463
1 2919
2919 1
2919 2919
1 3711
3711 1
3711 3711
1 5000
5000 1
1 6171
6171 1
6171 6171
1 10000
10000 1
1 10971
10971 1
10971 10971
1 13255
13255 1
13255 13255
1 15000
15000 1
1 17647
17647 1
17647 17647
1 20000
20000 1
1 23529
23529 1
23529 23529
1 25000
25000 1
1 26623
26623 1
26623 26623
1 30000
30000 1
1 34239
34239 1
34239 34239
1 35000
35000 1
1 35655
35655 1
35655 35655
1 40000
40000 1
1 45000
45000 1
1 50000
50000 1
1 52527
52527 1
52527 52527
1 55000
55000 1
1 60000
60000 1
1 65000
65000 1
1 70000
70000 1
1 75000
75000 1
1 77031
77031 1
77031 77031
1 80000
80000 1
1 85000
85000 1
1 90000
90000 1
1 95000
95000 1
1 100000
100000 1
1 105000
105000 1
1 106239
106239 1
106239 106239
1 110000
110000 1
1 113382
113382 1
113384 115000
115000 113384
113384 120000
120000 113384
113384 125000
125000 113384
113384 130000
130000 113384
113384 134378
134378 113384
134380 135000
135000 134380
134380 138366
138366 134380
138368 140000
140000 138368
138368 142587
142587 138368
142587 142587
138368 145000
145000 138368
138368 150000
150000 138368
138368 151176
151176 138368
151178 155000
155000 151178
151178 156159
156159 151178
156159 156159
151178 159486
159486 151178
159488 160000
160000 159488
159488 161438
161438 159488
161440 161534
161534 161440
161536 165000
165000 161536
161536 170000
170000 161536
161536 170074
170074 161536
170076 175000
175000 170076
170076 180000
180000 170076
170076 184488
184488 170076
184490 185000
185000 184490
184490 190000
190000 184490
184490 191334
191334 184490
191336 195000
195000 191336
191336 200000
200000 191336
191336 201568
201568 191336
201570 204014
204014 201570
204016 205000
205000 204016
204016 207550
207550 204016
207552 210000
210000 207552
207552 212648
212648 207552
212650 213102
213102 212650
213104 215000
215000 213104
213104 216367
216367 213104
216367 216367
213104 220000
220000 213104
245986 255112
255112 245986
255114 258206
258206 255114
258208 260000
260000 258208
258208 265000
265000 258208
258208 268757
268757 258208
268760 270000
270000 268760
268760 270270
270270 268760
270272 275000
275000 270272
270272 276733
276733 270272
276736 280000
280000 276736
276736 280574
280574 276736
280576 284136
284136 280576
284138 285000
285000 284138
284138 287002
287002 284138
287004 288614
288614 287004
288616 290000
290000 288616
288616 290750
290750 288616
290752 295000
295000 290752
290752 300000
300000 290752
290752 302353
302353 290752
302356 305000
305000 302356
302356 306022
306022 302356
306024 310000
310000 306024
306024 311326
311326 306024
311328 315000
315000 311328
311328 318973
318973 311328
318976 319654
319654 318976
319656 320000
320000 319656
319656 322877
322877 319656
322880 323069
323069 322880
323072 325000
325000 323072
323072 330000
330000 323072
323072 335000
335000 323072
323072 340000
340000 323072
323072 340149
340149 323072
340152 345000
345000 340152
340152 350000
350000 340152
340152 355000
355000 340152
340152 358344
358344 340152
358346 358846
358846 358346
358848 360000
360000 358848
358848 360360
360360 358848
360362 363238
363238 360362
363240 363454
363454 363240
363456 365000
365000 363456
363456 368977
368977 363456
368980 370000
370000 368980
368980 375000
375000 368980
368980 376830
376830 368980
376832 378042
378042 376832
378044 378848
378848 378044
378850 380000
380000 378850
378850 382669
382669 378850
382672 385000
385000 382672
382672 387310
387310 382672
387312 388718
388718 387312
388720 390000
390000 388720
388720 392958
392958 388720
392960 395000
395000 392960
392960 400000
400000 392960
392960 403137
403137 392960
403140 405000
405000 403140
403140 405406
405406 403140
405408 408029
408029 405408
408032 410000
410000 408032
408032 410011
410011 408032
410011 410011
408032 415000
415000 408032
408032 415101
415101 408032
415104 419838
419838 415104
419840 420000
420000 419840
419840 420350
420350 419840
420352 420862
420862 420352
420864 425000
425000 420864
420864 425297
425297 420864
425300 426205
426205 425300
426208 430000
430000 426208
426208 430504
430504 426208
430506 430760
430760 430506
430762 431898
431898 430762
431900 432922
432922 431900
432924 435000
435000 432924
432924 436126
436126 432924
436128 437306
437306 436128
437308 440000
440000 437308
437308 445000
445000 437308
437308 450000
450000 437308
437308 453531
453531 437308
453536 455000
455000 453536
453536 459034
459034 453536
459036 459758
459758 459036
459760 460000
460000 459760
459760 465000
465000 459760
459760 466990
466990 459760
466992 470000
470000 466992
466992 475000
475000 466992
466992 477792
477792 466992
477794 478461
478461 477794
478464 479482
479482 478464
479484 480000
480000 479484
479484 480480
480480 479484
480482 483590
483590 480482
483592 484317
484317 483592
484320 484605
484605 484320
484608 485000
485000 484608
484608 485886
485886 484608
485888 487038
487038 485888
487040 488166
488166 487040
488168 490000
490000 488168
488168 491969
491969 488168
491972 495000
495000 491972
491972 498686
498686 491972
498688 500000
500000 498688
498688 502440
502440 498688
502442 504056
504056 502442
504058 505000
505000 504058
504058 510000
510000 504058
504058 510225
510225 504058
510228 511935
511935 510228
511935 511935
510228 515000
515000 510228
510228 516413
516413 510228
516416 516890
516890 516416
516892 517190
517190 516892
517192 520000
520000 517192
517192 523944
523944 517192
523946 524286
524286 523946
524288 525000
525000 524288
524288 525158
525158 524288
525160 530000
530000 525160
525160 531182
531182 525160
531184 535000
535000 531184
531184 537515
537515 531184
537519 538270
538270 537519
538272 539418
539418 538272
539420 540000
540000 539420
539420 540541
540541 539420
540544 542958
542958 540544
542960 544040
544040 542960
544042 544542
544542 544042
544544 544858
544858 544544
544860 545000
545000 544860
544860 545182
545182 544860
545184 550000
550000 545184
545184 552294
552294 545184
552296 553467
553467 552296
553472 555000
555000 553472
553472 559784
559784 553472
559786 560000
560000 559786
559786 561149
561149 559786
561152 565000
565000 561152
561152 565246
565246 561152
565248 566718
566718 565248
566720 567064
567064 566720
567066 568273
568273 567066
568276 570000
570000 568276
568276 574005
574005 568276
574008 574346
574346 574008
574348 575000
575000 574348
574348 575864
612048 612966
612966 612048
612968 615000
615000 612968
612968 620000
620000 612968
612968 620970
620970 612968
620972 622653
622653 620972
622656 623294
623294 622656
623296 625000
625000 623296
623296 626330
626330 623296
626332 629758
629758 626332
629760 630000
630000 629760
629760 630526
630526 629760
630528 631294
631294 630528
631296 635000
635000 631296
631296 637056
637056 631296
637058 637947
637947 637058
637951 639309
639309 637951
639312 640000
640000 639312
639312 640640
640640 639312
640642 645000
645000 640642
640642 645755
645755 640642
645760 646139
646139 645760
646143 647848
647848 646143
647850 649384
649384 647850
649386 650000
650000 649386
649386 650888
650888 649386
650890 654190
654190 650890
654192 654570
654570 654192
654572 654618
654618 654572
654620 655000
655000 654620
654620 655358
655358 654620
655360 655960
655960 655360
655962 656414
656414 655962
656416 660000
660000 656416
656416 665000
665000 656416
656416 665066
665066 656416
665068 665214
665214 665068
665216 666110
666110 665216
666112 667374
667374 666112
667376 669920
669920 667376
669922 670000
670000 669922
669922 675000
675000 669922
669922 680000
680000 669922
669922 680299
680299 669922
680304 685000
685000 680304
680304 687870
687870 680304
687872 688552
688552 687872
688554 689638
689638 688554
689640 690000
690000 689640
689640 695000
695000 689640
689640 695066
695066 689640
695068 698592
698592 695068
698594 699048
699048 698594
699050 700000
700000 699050
699050 700486
700486 699050
700488 704510
704510 700488
704512 704622
704622 704512
704624 705000
705000 704624
704624 710000
710000 704624
704624 713574
713574 704624
713576 715000
715000 713576
713576 716688
716688 713576
716692 717693
717693 716692
717696 719224
719224 717696
719226 720000
720000 719226
719226 720721
720721 719226
720724 723944
723944 720724
723946 725000
725000 723946
723946 725386
725386 723946
725388 726056
726056 725388
726058 726477
726477 726058
726480 726909
726909 726480
726912 728830
728830 726912
728832 730000
730000 728832
728832 730558
730558 728832
730560 732250
732250 730560
732252 735000
735000 732252
732252 736392
736392 732252
736394 736446
736446 736394
736448 737955
737955 736448
737959 737960
737960 737959
737962 740000
740000 737962
737962 745000
745000 737962
737962 747290
747290 737962
747292 748030
748030 747292
748032 748200
748200 748032
748202 750000
750000 748202
748202 750830
750830 748202
750832 753661
753661 750832
753664 755000
755000 753664
775000 774624
774624 775336
775336 774624
775338 775786
775786 775338
775788 777434
777434 775788
777436 777437
777437 777436
777440 780000
780000 777440
777440 780390
780390 777440
780392 780734
780734 780392
780736 781950
781950 780736
781952 782334
782334 781952
782336 785000
785000 782336
782336 785917
785917 782336
785920 786430
786430 785920
786432 787738
787738 786432
787740 788582
788582 787740
788584 790000
790000 788584
788584 795000
795000 788584
788584 796774
796774 788584
796776 800000
800000 796776
796776 803870
803870 796776
803872 805000
805000 803872
803872 806275
806275 803872
806279 806282
806282 806279
806284 807406
807406 806284
807408 809128
809128 807408
809130 810000
810000 809130
809130 810813
810813 809130
810816 814438
814438 810816
814440 815000
815000 814440
814440 815870
815870 814440
815872 816059
816059 815872
816063 816814
816814 816063
816816 817288
817288 816816
817290 817774
817774 817290
817776 820000
820000 817776
817776 822138
822138 817776
822140 823782
823782 822140
823784 824186
824186 823784
824188 825000
825000 824188
824188 827390
827390 824188
827392 827960
827960 827392
827962 828442
828442 827962
828444 829086
829086 828444
829088 830000
830000 829088
829088 830203
830203 829088
830208 833774
833774 830208
833776 835000
835000 833776
833776 837798
837798 833776
837800 839677
839677 837800
839680 840000
840000 839680
839680 840701
840701 839680
840704 841725
841725 840704
841728 844646
844646 841728
844648 845000
845000 844648
844648 847870
847870 844648
847872 849408
849408 847872
849410 850000
850000 849410
849410 850078
850078 849410
850080 850595
850595 850080
850599 851226
851226 850599
851228 852411
852411 851228
852415 854190
854190 852415
854192 855000
855000 854192
854192 856730
856730 854192
856732 859134
859134 856732
859136 859718
859718 859136
859720 860000
860000 859720
859720 861008
861008 859720
861012 861520
861520 861012
861524 863797
875000 874620
874620 880000
880000 874620
874620 882814
882814 874620
882816 884158
884158 882816
884160 885000
885000 884160
884160 886206
886206 884160
886208 886554
886554 886208
886556 886952
886952 886556
886954 889832
889832 886954
889834 890000
890000 889834
889834 895000
895000 889834
889834 900000
900000 889834
889834 901118
901118 889834
901120 905000
905000 901120
901120 906174
906174 901120
906176 907063
907063 906176
907065 907065
907065 907065
907067 907067
907067 907067
907072 907610
907610 907072
907612 910000
910000 907612
907612 910107
910107 907612
910107 910107
907612 910270
910270 907612
910272 912166
912166 910272
912168 915000
915000 912168
912168 917160
917160 912168
917162 918069
918069 917162
918072 919450
919450 918072
919452 919517
919517 919452
919520 920000
931458 931998
931998 931458
932000 932064
932064 932000
932066 933981
933981 932066
933984 934942
934942 933984
934944 935000
935000 934944
934944 937598
937598 934944
955590 955588
955592 956923
956923 955592
956927 957210
957210 956927
957212 957630
957630 957212
957632 958965
958965 957632
958968 960000
960000 958968
958968 960961
960961 958968
960964 963822
963822 960964
963824 965000
965000 963824
963824 967181
967181 963824
967184 968635
968635 967184
968640 969211
969211 968640
969215 970000
970000 969215
969215 971773
971773 969215
971776 974077
974077 971776
974080 975000
975000 974080
974080 975014
975014 974080
975016 976333
976333 975016
976336 978942
978942 976336
978944 980000
980000 978944
978944 980382
980382 978944
980384 981286
981286 980384
981288 981856
981856 981288
981858 981928
981928 981858
981930 983038
983038 981930
983040 983939
983939 983040
983943 983946
983946 983943
983948 984622
995000 991936
991936 997022
997022 991936
997024 997373
997373 997024
997376 997600
997600 997376
997602 997822
997822 997602
997824 999166
999166 997824
