1 1316
7556 4587
5328 2190
471 6788
6793 9347
3835 5194
8309 346
535 5297
6711 77
3834 669
4175 6868
5890 9304
8461 5269
920 6539
4160 7012
9103 7622
2625 475
7361 3283
6326 7564
9910 3654
2471 9825
7226 7533
6515 727
6316 8847
2727 4364
7665 4777
2378 2749
3593 1665
4865 8976
9092 606
9046 5045
5163 3191
9866 4940
2662 908
9477 738
5007 3842
2771 9138
5297 4645
9409 501
7615 7702
8278 1254
159 6884
8682 6295
7362 7254
9994 8885
2332 3063
3510 5133
5911 8460
4121 8415
2693 4154
5373 4679
2872 1784
1538 5716
8024 331
5344 4985
9553 7483
5546 8907
6248 8420
1598 2128
7147 1305
910 2746
30 4143
269 7098
9379 2399
1809 3176
8870 6520
1504 6813
3858 3877
4997 1476
5872 8455
5901 9554
5561 1482
9833 4088
1419 5649
2522 4885
4640 9611
1261 1998
3193 6293
1267 6512
6216 8030
2479 4764
3893 2033
284 9016
4265 1421
9474 4103
1312 8856
922 1622
711 3654
2531 1351
7831 4553
3495 4523
8089 9316
6516 2153
6796 9089
2502 8608
4713 5060
6004 8175
7558 4623
9513 6327
4393 8247
6890 7022
9871 9544
8512 2893
5374 5144
1035 4140
5767 8765
4400 7297
8692 7156
8007 7065
7417 191
8860 5250
4633 652
7134 4889
6677 6820
1996 9166
8658 8900
5439 1392
4504 9893
2156 4460
3158 5147
8815 4397
4675 8066
3652 2115
9991 1536
6305 6163
6 9
7733 7273
3192 4177
6825 6805
2053 8364
7089 8287
946 818
7640 6296
2139 2136
811 3888
9521 9475
3899 2692
6922 2841
7768 7838
4225 2822
1940 114
1919 9832
2441 8197
1365 3982
6010 1769
8283 1578
9879 2572
2336 1017
2194 6347
6960 7947
6962 7529
6695 6334
565 5982
2270 3188
6998 1175
7625 5261
5539 5880
3297 7030
1431 1617
4853 8602
8132 5568
7390 3160
1354 5285
3108 5881
5181 4309
2589 3702
3930 4469
4759 3878
2793 783
3698 2539
6718 6762
5139 7286
7207 9447
4607 9401
3216 4604
5171 6613
4018 6056
9865 1504
6701 3438
5417 5228
8292 150
2742 6430
5461 9178
2666 9700
2468 8439
6940 4558
8171 221
1608 7069
7078 4366
5824 7517
9915 6957
2795 7538
1712 43
4957 800
1631 9033
7830 7467
4364 64
5848 5185
669 5440
3897 2159
3858 6269
6590 7093
5387 2803
8159 3719
6861 3102
94 1038
5210 7759
2207 553
707 1603
7237 2970
506 4778
4572 5200
4465 1503
2860 8337
6956 5778
6811 3312
575 9868
5424 17
8562 294
3776 4897
5762 7389
6793 5363
356 1225
9733 1883
3513 6141
6076 1260
5529 9540
3569 8381
9742 2590
2516 4243
8130 8979
2446 7606
6948 4519
2636 6655
1166 2096
1137 5470
61 1760
5994 4319
825 6874
3753 8362
1237 9733
297 804
4942 7694
9340 2502
3597 7691
5000 7492
6719 6817
7567 364
2306 2217
5626 6526
6166 3715
2248 2337
6530 1660
7441 1598
477 6620
1250 9491
4842 6210
9140 180
5935 7219
4966 537
4416 5192
7719 654
4428 9771
4677 3291
4459 7433
2054 1714
3725 9397
9648 2550
704 1239
5263 1601
5177 1052
8415 3686
4239 3272
7135 5768
8719 7582
8366 6998
3891 9352
6056 3621
5395 4551
4017 2405
831 4216
4724 2898
1050 2164
8020 5274
6688 8636
2438 7115
2637 3828
810 4598
2329 7953
4913 33
2661 6647
4252 1869
9634 1341
7958 9460
1712 6060
638 3475
2925 5097
8258 8343
7264 3295
8021 6318
454 415
1534 7670
618 5193
9291 2205
2046 890
6997 7064
4946 2618
7116 3784
2007 2326
4361 4695
8612 9772
4445 343
5238 317
7532 5916
8229 3296
2321 5365
4306 4036
9873 9669
8505 8675
3116 1484
9976 6395
4681 9319
6908 8154
5415 5728
1593 9452
8213 1554
411 3436
1101 966
5188 225
5615 8568
5169 6745
7372 6984
228 1920
6710 3459
663 1407
9211 2217
3801 5860
1673 264
6911 7623
7137 774
5898 9255
9297 4305
5060 8312
9192 6016
7238 5193
4908 1615
9761 5744
2733 5314
6985 6670
975 5487
6107 6680
4951 5716
5889 4413
1513 5023
7313 317
517 5221
3207 351
2452 1072
3830 5518
5972 6111
9352 7720
5131 4867
6501 6970
4075 4869
4798 7104
5342 2767
6055 2801
7034 5305
9382 2354
4135 5975
7830 9202
6815 8211
5274 2303
1437 8995
2514 6515
49 9359
2754 8587
2790 9524
5068 1230
4165 7025
4365 1078
7662 999
4413 3446
2971 7576
3385 3308
557 5732
4853 2025
1145 9743
8646 4918
3674 8049
1622 1596
578 1493
4681 3806
8837 4241
4123 6513
3083 602
8144 8976
9195 9012
7700 1708
5724 315
8032 5222
8616 2772
8695 5869
3892 8119
5257 9398
4200 5799
7491 8807
3381 1896
7431 7189
8791 729
7101 8790
3594 899
1611 4168
965 6747
5626 8130
8782 7693
6352 8965
8784 4865
1131 3775
3826 6876
1218 769
1433 4776
7086 2380
3910 9758
6288 6812
9087 3624
8592 7943
4289 736
4986 4839
4507 4997
7407 9328
3001 1462
1101 804
9724 4082
2384 9631
8334 1981
1295 1963
3391 5757
4403 5857
4329 3682
3823 6001
4295 1488
6702 9954
6980 4028
8492 8195
7934 3743
97 4798
6390 6465
6449 7990
3774 3577
3895 3343
6936 1449
2915 6668
8543 3147
1442 6022
56 9208
3820 5165
3445 2642
2910 8336
1244 6346
487 4581
3768 1559
7558 6660
116 7949
5609 2887
4156 3206
5146 7191
8420 2319
4650 3734
501 739
2025 5662
8315 4226
8395 2931
1812 3575
9341 5894
36369 36000
58366 62811
39492 34996
42813 43772
68607 72249
16137 12182
61552 64886
54410 55996
88474 83663
83326 80272
87258 87489
28698 30896
55189 58560
75950 77549
67089 68519
34710 35059
61453 59687
78882 78306
83028 80794
85900 82072
40361 43725
86817 85146
49726 50086
74540 78839
61347 58779
85023 85990
15713 13182
80373 77334
18851 22211
56205 57438
76289 78006
38282 41995
61725 57881
5003 6764
58445 57990
53820 49142
34868 38419
36521 38135
53997 49596
68281 66076
42623 39387
12803 16776
89357 90299
7805 9715
46413 47106
81138 80483
63531 60562
45947 43671
85506 82949
86028 85798
15802 20417
77859 75033
5595 8420
9283 13884
59517 60251
16653 12943
75094 75113
60751 60802
49749 45933
81761 83450
28595 27462
38277 41588
25655 21889
66907 68388
22103 25590
6917 2972
20978 19588
71272 73464
61642 62452
34850 31421
29828 26519
24014 25728
39405 43271
54246 52664
42166 44163
75915 78835
77172 74994
27496 24195
50351 46082
89894 92396
15388 12034
41134 43866
23153 22492
7811 12105
14013 11676
45974 48902
26890 24029
29009 27815
22690 26976
69946 71112
53948 52511
82168 79147
14699 17611
64345 59527
68578 64723
81073 82619
34401 33225
23279 21592
6511 10655
71766 70700
67049 70365
79614 75910
34191 38612
35786 34306
11855 12574
70994 74436
46930 50104
59633 58987
34947 33438
28931 33123
58224 60670
18391 21155
26416 27537
77642 75788
56718 52977
36761 33094
27258 23518
22239 24745
11030 10619
86877 84224
21789 23629
11912 15455
17968 14169
73776 78218
8869 4471
75527 71938
73100 70375
38933 39925
60693 56230
88842 91965
40154 35472
14184 18929
78706 80417
75922 73304
65941 66838
23916 21193
5133 4611
39830 44161
6909 7044
37003 40599
72480 73575
33203 34443
60580 62024
27025 22285
88900 85977
59598 60201
37039 33246
43174 39551
54794 55220
46106 49972
11935 10561
13568 11560
76543 80673
75375 80078
74130 77109
76384 75871
59579 61518
74340 74022
21459 20474
84107 83779
37168 37344
24359 28352
88798 85168
43971 45863
28716 27809
67895 63207
30834 27760
74122 71870
66010 65096
71732 73955
54051 55381
72882 67884
58363 56827
45108 45030
50018 48203
77925 74305
38927 37796
76948 72509
43835 46491
29862 34482
89924 92340
34732 37698
21915 22922
51141 48658
22137 22893
48670 51147
56682 61579
72869 73417
17467 13537
49522 46985
53589 51933
62691 58384
76795 80558
33226 29680
68247 69866
39237 40087
52214 52155
57233 61482
57184 54748
8371 9578
34197 29438
19568 20675
41027 41711
67082 65822
36080 34843
12361 13192
40544 36652
32647 34499
52939 56658
50209 54955
10120 9873
14361 19283
51709 53696
15815 15565
10044 9495
83029 82424
77974 82946
51691 47933
76939 73841
61470 63033
87723 87299
18544 14935
29083 33813
55827 59349
10345 14602
85700 85367
28990 28592
41620 45282
21883 20731
69533 72676
62183 64399
63087 61227
19321 21202
83281 79938
5324 2087
20143 17123
61804 63549
48986 47220
44693 42901
12959 16664
42836 39313
60425 64845
80001 81610
22332 19035
6366 3020
14272 12884
52697 57336
25867 21105
7553 11415
80341 84474
51530 48255
46399 49544
84613 85444
51658 51376
69034 67357
19659 19789
37336 40618
87199 82246
30618 30164
80690 84126
26280 28619
76363 75593
65221 64280
49736 49992
12780 11817
71482 69130
31168 28017
69314 70521
59855 58128
18110 14953
43692 44024
18806 23064
39770 35081
19219 19870
88763 85165
33354 31445
35118 31746
32383 31179
59518 60541
8203 6554
11648 12088
46746 44625
26481 25874
60983 59239
5141 9868
13574 11758
86220 84713
19059 23914
14897 10315
86682 89535
23733 19747
26638 26013
25656 23482
51685 55508
77391 79096
52397 54976
81671 85205
69575 66914
89856 87469
36879 34874
68370 73289
70137 69423
59542 59180
13709 10527
78387 78421
84134 88115
29749 31041
87910 88351
75608 71156
21118 25871
70044 73743
7748 7932
36912 41609
21417 18702
55741 59706
51706 47553
71044 73755
65215 60734
80104 75820
89547 87246
47481 49354
68618 73065
63626 67744
19554 22708
29040 28859
82424 84456
38941 35625
81713 78813
51611 50339
27368 30435
25046 26635
33527 33748
43495 44564
61705 56922
74633 73406
51053 55751
68435 71368
69490 69022
39574 37016
64694 61832
61201 60271
28493 26924
30624 32508
86116 88898
81697 76913
87812 83349
39847 36482
72664 67779
56171 60386
14343 14793
11208 11773
37588 37402
38229 37316
52525 56936
64418 65314
5947 3774
37928 40386
53084 53627
27830 24001
18738 17281
73707 71364
21292 20436
60094 60391
11192 10891
37211 33199
46927 43255
23381 22764
35016 39955
80834 79333
42328 45345
88485 86497
54015 54534
17176 17241
47486 49783
12020 9190
19699 18551
36843 34486
18998 22563
25861 29795
72249 76891
26313 24154
51735 53924
48800 48665
34909 38494
40038 35242
82835 87431
53334 58313
39045 39922
73541 72623
8689 9143
16058 16805
87385 89199
22613 23252
75609 73538
31015 35795
88720 89557
33294 33510
12003 15081
62941 63889
22353 19357
18934 16742
21784 24715
79106 81998
12713 9313
25997 28612
48951 47869
78780 77107
55720 58522
88873 93417
74939 77710
63347 66767
58380 61064
38716 39569
40705 43721
45610 47518
74159 74668
30057 30927
45318 49305
41486 39085
44443 39443
60936 56854
52796 54587
61749 64202
60460 65280
28774 31602
5440 1308
10031 14299
23246 26060
26561 24427
67745 65703
45221 49321
83461 87379
26306 28830
63133 62814
45284 42371
48044 52022
75982 80570
87715 91900
17640 15269
38702 41417
70503 73260
43631 42818
59088 60559
68071 71366
28131 30934
20335 16535
71956 76875
11566 10815
76496 77832
85310 84613
85408 88394
37060 34528
75441 70857
24431 20371
78222 73656
86147 89390
78867 78987
68760 73744
40484 37600
39315 35404
35775 31743
22334 21205
75005 78998
87097 90268
40432 43607
66623 66208
40284 41211
56286 57961
88933 91324
5357 6612
16065 20026
62616 60899
25131 24646
62864 60452
17409 19448
635091 635091
719011 719011
157102 157102
890773 890773
274765 274765
287305 287305
756911 756911
805180 805180
962297 962297
741309 741309
764083 764083
267724 267724
286129 286129
108623 108623
853917 853917
782608 782608
289021 289021
472521 472521
336429 336429
706162 706162
850900 850900
135964 135964
656970 656970
666872 666872
506690 506690
189701 189701
750207 750207
105946 105946
465819 465819
579920 579920
183088 183088
672937 672937
486699 486699
115307 115307
310736 310736
390320 390320
665189 665189
432075 432075
585805 585805
789913 789913
161862 161862
784332 784332
133937 133937
258042 258042
518158 518158
853299 853299
398105 398105
425322 425322
867243 867243
806173 806173
