8191 74471
15468 46094
86888 54162
32921 35718
625 93544
65948 83293
10923 76378
21881 19362
20304 95298
78671 1296
43707 56051
43243 59510
74839 16538
82829 54406
41051 71150
89202 38678
69250 22553
23746 80553
70204 16818
2355 93643
78936 59193
85758 70206
3944 87661
55695 26832
17509 21610
22380 48930
18440 32254
53681 78171
43761 55980
91321 59588
31827 65540
48780 63207
21334 18695
53853 64255
29582 84249
85267 51043
70528 82255
62816 80139
24773 54083
35101 26904
38066 88414
6986 16683
79131 72726
52110 25708
94327 20596
78331 73299
53722 6849
62196 30415
85886 3156
7054 5902
57219 21904
61553 29324
21518 24372
16219 85618
12458 6354
70008 40186
81641 93686
5062 37233
88037 58793
36939 27598
1426 12547
86931 62480
99556 44015
45158 1058
68766 39105
97137 60676
68762 7081
54656 26204
75601 2341
5192 7984
53039 77859
80460 31869
47783 74819
76921 56968
54803 33981
98886 49367
97407 26005
79004 51819
33802 48883
18903 317
23960 10897
71592 32618
65330 34328
48248 74803
59563 86632
57158 89097
33777 83241
84508 58656
73733 15960
66339 48882
48241 64285
81904 20668
239 38049
38948 23142
56106 49564
28410 98696
60295 33250
20840 14541
65557 50131
6484 31609
12251 4698
2346 96644
60053 93093
94422 61989
1771 10424
10405 40002
77242 70550
35748 92021
94209 22316
53876 39534
20664 26673
62255 58954
88876 93228
81632 82803
79172 17550
82151 7097
63462 76009
91591 76346
47833 7582
64096 97617
54787 5980
41223 61581
99806 72913
89713 31362
76560 68679
2718 64865
83417 74062
36018 67815
73191 84909
79867 87418
99357 3774
62439 45014
29366 44274
16893 41039
45394 22003
89151 72709
89352 69397
63639 67509
7798 56652
8306 12542
84377 93238
13485 48606
51376 57059
31253 18899
68504 88127
30769 18928
79279 90800
65274 25827
42839 83217
86893 90442
85946 74386
56353 42993
59374 51018
81899 55006
87697 28864
64368 28696
88061 76858
70088 81585
87589 97904
18662 23001
76296 9299
71657 54806
13668 6253
42051 73365
53208 85890
82542 19458
87086 66804
41199 75249
26175 59866
76089 35497
69369 28768
86610 71344
30274 62653
36650 85392
7522 69784
59764 91639
33947 26426
1280 87081
80691 90208
6641 77514
84182 46185
2030 96954
4211 48997
35477 74074
96458 22599
55722 44709
19906 65965
79573 73906
32132 18055
68691 7699
70515 26303
81076 64289
90841 60970
44452 27246
3211 45556
30955 6497
60061 26052
73484 79481
44670 84300
24648 10108
88461 42453
53435 61402
1747 98228
50857 40694
83439 76369
28785 30030
60234 23057
70082 96602
46170 32603
70105 65451
94074 75027
22113 74215
88606 57265
15935 99970
73218 95452
54000 51922
7986 78284
16083 14778
2849 83896
87327 94376
61520 45187
43061 64922
71004 29213
68231 62787
65452 50130
60813 70939
33277 54003
53116 13302
76441 36604
18388 59964
81031 36176
84304 58333
75323 49020
69007 96956
4403 65197
6781 99724
49259 17667
97549 38662
58363 69260
79856 34998
56066 37010
58410 7218
85192 25114
31803 96634
49729 24330
83464 40928
67893 89921
5924 3689
16340 73696
65886 63434
26560 62506
59909 27329
38037 67224
13818 28468
56420 36744
4275 83412
39659 2893
49690 58184
36283 22091
74409 75614
62543 98716
75543 50647
42794 93998
71953 59159
44620 31096
32353 5523
26831 54994
70999 17215
80796 72985
96820 99405
93031 76003
47019 66421
4506 36226
13246 37994
72638 17141
406 42309
80748 67484
21986 73732
6031 58778
76978 97991
83516 48168
18256 27450
80347 22409
27847 54222
65003 97541
33757 32824
85093 35434
79904 49057
38338 34656
13187 12835
55505 64284
60308 27841
39842 52772
45975 33453
64381 29887
90120 67621
18988 86524
20095 10133
33431 38264
75623 60510
98237 55898
46204 70666
23223 65472
58994 24699
21101 2995
98691 49477
2831 23092
49681 94420
20589 59450
14480 92273
91704 63060
68535 34594
51594 58643
37040 45711
58524 88967
81962 52405
22026 36756
83160 59039
35126 64640
51345 25270
35259 80117
80667 10373
76675 5204
25909 64689
47621 79818
85431 11389
29932 26523
52612 20550
37061 46666
95582 46348
62736 52595
27917 47643
2584 46053
6791 76728
24005 65642
85145 90185
41300 91633
46546 93361
21431 75014
85354 66343
92981 21388
36356 56981
4547 69379
76669 70058
95606 71154
94239 75372
64407 59142
78285 55905
41358 77154
58663 45315
67302 39011
29498 49370
15677 64874
54159 64519
44437 17053
25315 86531
89441 82805
13791 29428
96246 71780
18987 76206
33544 70
63335 73174
15528 39184
68477 23756
61374 21908
8726 33836
1027 20826
2343 87015
87881 83178
84231 56716
90534 48487
83284 29382
66163 38422
41449 2929
78005 97277
45834 37929
59958 46628
55165 11637
69310 81558
71854 81093
20436 12950
66635 75854
25576 95865
74903 89985
42717 54472
28611 7073
44222 94427
63327 97983
4103 19873
26379 88521
1953 4944
62102 45829
63823 56691
67277 78419
90559 6653
24746 93593
79902 56665
93412 79623
22393 40162
24934 65679
62001 96331
41854 77844
2591 26115
71804 75842
83327 10084
42807 21574
42878 63949
14366 54466
16704 92955
12214 92433
32073 81706
17259 8616
9271 94738
44110 51301
97928 27512
31913 74292
16388 61746
16532 80201
48367 93554
5298 24541
53014 78020
67121 16167
25613 13449
21811 87916
29150 49785
5096 34631
36304 98879
76394 56067
73844 12276
38285 34913
12922 83521
73906 71292
71973 96055
62321 23595
16382 25334
33257 79895
12287 36386
60641 2762
11778 25929
81184 20272
81655 87917
58170 57763
37080 57713
66524 43642
3617 19602
56366 72184
88382 77704
13654 28515
92780 21437
603 11814
60006 93524
61297 84146
69002 63118
11180 59726
37814 56543
84824 43046
22092 68118
86935 62698
26578 31553
84238 51722
61618 24984
43448 42945
19281 62916
1920 35760
8457 71165
40702 12571
30590 37437
52353 74020
37338 95680
71974 9053
53762 31034
39829 5762
44937 35316
85354 73170
40850 90427
4792 4516
72718 68798
86855 37755
49637 27287
94733 22026
87141 38291
82408 38728
70252 42205
70595 98670
32544 23709
19316 83928
80402 98325
57140 87929
16062 81535
45266 51481
89460 59881
37692 88370
77407 26122
73153 10524
84224 39179
60405 16798
35993 85938
88226 14491
23719 857
91246 35906
70313 77153
20284 76430
81902 65277
29591 36911
83295 81981
49180 31486
97103 27173
48622 13967
14087 83770
82010 78123
5524 17658
86979 87526
93189 94532
13355 56387
26155 63923
9940 46565
83742 87519
56814 34093
84717 33292
77173 56761
69722 45878
35760 46729
8024 77324
96440 71974
81084 42001
38606 4966
33556 59000
34999 51115
85924 1624
26853 92620
98793 55988
69519 47838
86557 85048
29669 31348
69424 45364
76070 32465
46738 547
55638 33475
21223 674
49836 80550
12236 72570
44895 28879
95849 40934
24393 18342
24881 94179
26137 11082
77704 90682
40998 65337
90039 19252
87504 73604
42927 40811
47316 70560
22768 55120
14295 59591
18499 5434
70326 63812
9533 98909
42863 32339
33476 56695
92064 45181
48257 71355
61001 26573
63591 80815
2000 50349
22406 44940
66302 70499
14544 86474
34550 67257
78231 38294
8299 50184
18446 63409
16832 75940
35665 86562
29902 77819
51424 19575
78581 5965
3242 86035
81601 32459
43786 86729
8475 87393
95855 27068
4334 9585
70092 82085
3032 71601
75276 17127
45285 94935
64302 15278
33960 81960
96661 47202
63920 27539
63168 45663
11819 89365
47674 79222
78319 43462
79075 91907
12565 70547
31991 76836
92395 28659
344 47666
5726 18027
65046 45185
50393 57238
2102 51967
11457 93395
80652 6982
64464 71487
95768 61088
49485 66639
94291 19332
88337 25496
73683 74175
57123 85453
58159 87637
62919 72838
68672 66932
63087 25465
38629 44368
20996 6502
20421 85627
67578 17721
4929 87553
78673 68174
23125 71825
99994 96272
20239 74651
90209 78575
13643 57070
945 2021
44480 62555
55564 63559
62256 30675
14660 43091
48908 29315
51615 80127
21208 17105
11189 73369
76596 12902
14652 75741
78615 53856
71575 81483
53706 21276
24473 41722
80086 8381
73963 23986
31052 57701
15350 40584
16928 75736
94127 51458
34423 1491
46689 5832
45797 56609
17156 86998
28517 22866
72559 55820
3041 15941
99965 7165
21992 45103
43692 60638
57877 50856
22013 26272
81933 75471
83479 44342
22251 14769
80342 45405
29598 20513
90998 94495
70860 78946
37542 8595
94180 33379
97016 86472
88709 27286
38291 10924
10102 93409
11916 53867
61511 75292
96625 75564
18459 75003
89244 34128
31404 5837
45816 48345
99983 80173
42085 34417
25632 47465
14928 66724
94327 7663
55904 22723
81248 19223
40843 51601
88640 86518
36451 44114
4023 36317
49619 23059
97424 39333
90749 9423
72428 17249
91599 33949
8168 88274
11174 6819
64092 57990
91294 18924
16880 16947
75915 79728
25158 93036
62792 12222
60727 63118
61508 22380
5145 35805
89477 27423
15632 13821
124 9918
38047 42228
41739 22899
86106 72528
3824 3129
71947 19740
28922 53808
31370 15225
75865 90305
80258 15848
94720 97425
49281 80214
17906 56119
42883 19914
82439 29088
52274 49215
11980 78149
14493 26087
39287 97875
86287 4731
83363 83163
99276 70376
42868 33828
66387 33459
54832 11229
72438 84676
27913 40087
73994 27532
87592 1555
26440 19438
30467 77139
88186 62431
16250 83738
71263 31329
13792 40582
37674 1080
3433 49528
21896 55023
92205 85335
33180 98778
59011 41755
55383 14562
73262 59287
78832 15186
36980 18899
56636 7353
82765 13847
13276 94734
49801 46308
98019 28303
48393 50223
65553 57188
84148 44619
18804 61698
51899 84636
89783 12066
64565 97289
67879 85490
52260 6644
6467 73246
95092 28027
3102 26724
63717 44006
80530 62376
26795 92114
15310 4486
41009 22683
31077 11088
60348 71552
24570 62021
10818 82264
82172 22861
21654 69297
36076 49896
72524 89739
69366 78369
65397 26597
23700 43001
64329 76607
35941 83953
3062 68886
51577 26381
95048 53271
67149 8131
88218 79128
5867 2496
25555 80731
41444 29004
1544 85769
40149 90733
47907 34921
81726 94244
39777 91406
74927 1235
49542 34166
86451 81127
45743 37971
83869 31560
19272 42507
76785 45840
78849 73813
75486 4114
22378 96648
91436 67479
38791 88964
40322 28007
20619 16980
50099 60635
99806 78209
14906 8983
76013 91381
92030 45745
1538 76733
4568 29551
97811 32635
24382 56013
29793 26398
99986 96755
466 84941
45323 55141
35439 533
68043 47234
2477 5565
5376 78473
58636 91524
70133 92022
68556 46356
63360 14908
20457 39693
28193 83355
73816 65123
57498 84065
36142 66945
61817 89139
78307 538
62340 19874
13119 95101
72990 75200
11121 82200
39674 28143
83964 57704
89494 94258
36944 52444
11710 54121
57868 21440
85573 74243
66440 1449
36985 31065
56795 33668
18530 62695
22211 85729
80949 34247
21700 14311
51856 37409
14522 83305
11579 3986
1941 38643
74853 62261
75218 83762
69450 95483
56273 64018
2532 30711
76887 43356
12335 18667
48627 11633
54194 12155
2585 87928
74006 78466
24998 16351
76036 20422
50437 83623
59887 67061
2422 85294
85864 71237
24214 5309
51700 35699
3710 77230
85594 80263
5689 48386
70951 39880
32787 87488
77072 43291
41391 55496
10260 64681
41873 23978
84115 54919
19405 88392
24616 60209
69825 54151
97810 3516
42450 53728
1094 90366
91055 26994
12114 17336
19795 97919
3745 72881
21086 61654
31599 49553
885 91650
30653 91848
55544 85810
54489 32464
24577 40370
96289 89518
9641 50252
35878 48439
95832 73956
65748 48857
93663 34389
27963 52630
82665 47977
38427 73323
79345 53062
17819 69375
3899 33395
25122 38555
99927 88660
43678 64251
75052 93292
63364 19341
35404 85709
16133 34725
73865 15493
51656 33323
91495 92904
79375 10706
50832 53595
61718 40610
73475 89160
86539 9763
23145 85290
9348 78734
49506 55752
50498 23128
21409 96200
79204 49616
59959 22667
5340 3772
61628 48818
8798 42423
33580 18536
15311 46259
88480 83954
92585 62754
66934 57783
21343 94008
89312 27450
34066 49511
2741 53239
16813 94742
17441 15281
96947 9398
59336 26029
46924 68373
21461 97265
13737 75951
2669 77612
38900 13106
5351 13892
50906 21757
84877 62980
32190 91996
6605 84488
20759 68212
74240 20049
17654 23093
45514 24584
69425 69517
76317 42733
51353 59975
16191 52511
4558 71727
53469 23
25014 88358
31768 34406
78645 1032
35699 95858
59728 68803
95307 40745
60011 28314
26825 69220
59481 74839
12186 80081
2853 31070
57245 2178
29340 12940
50648 824
22398 26463
67040 87694
58421 67709
14308 69628
