6150 9984
1646 5447
85 6704
6932 7945
3531 8617
3803 1460
4669 3506
6831 3961
2893 9938
7539 7358
2897 4250
9621 3401
9560 6026
8550 1628
6048 1541
6847 2197
1525 4845
3995 7961
7900 7279
2258 1430
5895 2412
9241 6915
5917 6071
875 8809
2360 8413
6166 5256
9014 2139
5008 8574
8164 9909
6553 4211
1450 9752
2760 9326
4596 3106
3638 8847
384 2247
6628 2630
4659 5868
9544 575
1938 418
9384 4297
5182 5549
5905 4196
4039 7264
9121 2202
7173 5673
2765 4974
5424 1876
651 6371
4981 4288
5217 5365
6535 1844
4346 1193
7711 3890
8119 6000
659 7502
6649 5841
9403 2553
6388 3441
6168 5508
1995 9692
1180 1111
1017 6604
2986 1667
9326 4318
2307 4543
9682 5193
2738 4028
6385 6801
4269 855
9152 4927
8357 5800
767 7759
4704 3506
7551 872
9013 9545
6915 193
7007 7932
3148 9992
9598 8825
4310 1904
9719 343
7096 2457
722 9832
5609 4990
687 4760
6269 5395
560 7035
3153 1615
6893 7055
8838 5905
2952 5753
2449 9958
3684 1948
6302 9633
773 6963
1537 491
7305 4984
2947 4379
1168 4907
5720 8206
9667 1988
3600 6578
5375 3104
8192 2267
158 3382
8171 9461
9134 620
9419 2817
8919 2072
2449 9691
9034 337
182 2690
1673 9480
7068 2840
4387 2788
7397 405
4775 996
3334 6501
451 1525
8767 608
4906 6938
69 391
3909 5839
9559 9179
7910 2008
8870 6943
8696 5403
5984 6720
1234 3052
5911 1972
2191 3307
2376 3317
4302 5709
9818 4752
3586 8584
1712 4843
1873 8132
1586 2133
322 1144
1312 4583
9503 181
1525 8199
1935 7508
4918 3168
6911 7181
5140 9101
487 3867
2418 1141
5928 8587
5892 9513
7170 3955
707 5395
8438 2292
7527 8759
9788 8838
3341 9290
5370 1217
7488 7304
5077 8758
472 8339
2290 1963
7440 2776
5829 6209
3916 1756
1147 6160
7620 8316
6466 4679
3710 4904
3322 1237
14 3109
6426 3355
2399 1796
923 6238
9099 5999
1347 5922
690 3636
7884 4481
6412 3713
689 6679
1820 8187
2838 9440
6502 9304
470 6564
4207 3791
4152 572
6900 577
3926 9298
8724 1201
1887 4175
3551 3234
96 4240
3221 7980
8720 9632
8044 5760
2663 9863
3946 5500
5654 6800
1155 6123
3363 1713
6266 3866
2285 3165
794 6210
8814 9518
3762 7052
3692 7313
285 139
1552 3506
8118 272
9489 2513
6031 2151
8728 6329
4003 733
3128 5157
3208 2842
6870 9473
6707 9154
8989 7500
1715 4154
3369 5477
1205 7060
2789 7842
7199 4340
1347 1668
963 7187
533 3346
5690 9260
9674 9692
9992 9153
4848 3199
1994 8069
9023 8700
7222 8011
2551 5289
8516 5920
765 9721
2979 9905
7562 6529
596 5260
8197 1559
8798 8729
1256 4487
4340 929
4178 683
81 5378
234 8426
9798 9256
7125 3372
3619 9675
8660 2134
5594 5776
1854 4925
5680 5767
1453 6275
1026 6001
4185 9824
1081 5440
662 1772
2720 1192
2455 9152
2921 2688
7577 2718
1943 1053
6089 1913
7080 1100
399 2673
6875 2252
3949 8906
4371 1754
5181 5396
4106 9365
1571 5187
1157 2233
6958 3876
3424 5764
3028 6344
8451 6956
5413 6746
8009 7854
8658 5088
8953 9056
4112 2180
7660 8061
1085 2030
6166 6265
3777 271
1982 1700
1809 3138
3932 5119
7013 3707
882 6392
6402 9333
3348 8166
2430 1356
6019 1087
6443 1324
6495 6906
3503 506
4966 4587
8887 1131
7204 9015
7754 5537
714 9562
8674 997
4680 2038
1055 5562
4782 7456
1246 8129
1974 3675
5836 7992
1113 8630
9315 7607
5535 9169
4464 6853
3756 3350
4335 7311
2365 2088
2847 9430
1650 7872
427 6329
9909 1481
1890 1042
5289 9487
9170 3614
3161 1357
1605 4274
9986 7272
1880 1873
6440 2696
8725 195
6045 3059
3857 4761
5147 6703
543 3148
4574 969
9476 835
8801 7718
1876 441
7204 7398
4054 365
5106 2011
4638 1444
9282 2869
3316 5721
5564 8392
2268 7961
1450 6124
9073 2948
9179 9615
6095 104
6935 1923
7290 5736
9640 9166
2528 3195
2915 6582
3559 8020
8592 4548
9463 7873
3769 9130
9945 5684
7521 2212
3644 5323
4688 9069
4622 3866
5035 7069
321 1970
8991 7611
4057 8630
3128 6584
8176 2394
9517 1735
6765 4460
2634 2580
8684 6402
1709 8629
2086 5582
7192 2081
904 8231
1149 5525
8448 6184
2593 8769
4505 7935
6379 8561
2916 9506
1496 1092
8251 1013
9178 5015
1824 1811
7594 508
8213 9303
9136 298
4884 2679
2378 2139
910 9879
4015 9357
2414 2960
8125 3270
894 855
1830 3810
6712 9677
4901 4962
7041 4078
9977 8865
5888 7570
9372 452
3224 4859
7101 8107
7537 5831
6597 8446
5709 612
4155 4474
3571 8631
7743 4464
9486 5924
4625 6197
5600 9525
7511 2641
9954 7487
7857 2194
1408 7228
2645 4632
2086 9746
9090 5974
1928 5687
4420 7636
2650 4926
8461 6220
3556 6203
7035 3041
2126 1660
5590 4077
7536 3100
3069 7490
6938 925
9683 8345
4504 8679
2976 2941
4776 8418
8915 6703
4104 9686
690 3105
4611 9150
5676 8166
1704 2710
1207 181
721 3148
4258 8257
6247 3678
5746 3184
4603 1780
1528 5458
6810 856
8399 1586
9273 7313
4640 9728
6998 5330
2832 1608
831 4859
6125 2535
7568 7331
2715 8289
478 6972
2897 3076
7002 8642
6259 1604
6773 4139
7061 3582
1346 1811
1519 6970
9123 6159
3049 2472
7840 2232
431 8670
7090 6556
1204 4657
3886 3919
9297 716
7242 2193
143 4243
7186 6402
2198 3958
6892 5611
3892 4589
7421 1762
1558 2896
7920 4606
5367 5759
6837 5798
4429 3926
2353 1984
4934 2590
5902 4231
9657 9496
6423 9800
3738 3609
2553 2288
3918 9444
7898 4161
384 5318
5923 1941
4565 194
2898 9932
2305 9734
2081 3085
11 4433
5068 4944
3374 7322
5526 3031
6817 8301
2830 6906
8261 5382
9193 8530
4825 3442
2691 5208
8760 4965
3500 9676
5158 6397
9607 3814
2482 1687
6898 8844
2471 8318
139 5845
5639 2017
8875 8807
317 1704
5712 8577
7085 1257
7106 8261
4698 6148
9820 9809
1112 9671
9485 2622
2419 5443
6435 4900
3482 9685
95 5952
8002 6585
1796 3640
8601 7022
8798 8917
8725 861
7493 2161
2117 951
421 3167
7098 6592
9327 8210
6262 8811
7183 8680
606 3617
9931 4087
3301 25
38 7654
6610 8186
7645 1562
1559 6442
479 6636
7303 4323
8796 5771
5273 5569
5289 8723
2160 4616
3284 8422
9778 466
3453 383
434 3384
821 87
9760 7211
7740 2721
1748 5385
4283 3306
1826 4761
9941 5480
5435 5089
7603 7060
657 2891
5782 9168
3858 9065
3941 3636
5882 7394
370 6315
7129 1191
2753 6888
4753 493
9609 6500
5877 243
9805 4054
5003 6098
5886 6789
1186 3488
3848 8194
6378 9629
7361 236
5045 1302
223 926
8695 592
3593 2175
8134 6345
9062 2886
3189 5022
5737 9065
5264 5542
9471 6618
7991 5356
3407 9176
5195 7254
7369 1572
3235 4729
8159 8279
2382 4733
5557 7428
1677 5501
9602 6162
8197 8664
5400 1386
37 1136
6802 5301
6677 2624
8270 1019
7979 1676
194 9525
5282 3914
1097 8516
8643 5607
3146 7376
6692 5054
4804 8368
6906 4405
4529 5103
9420 9928
2840 9457
7416 5993
1109 444
8617 9378
1463 2947
7406 1656
2472 9039
5570 9920
3906 564
1878 7051
7939 8569
8457 2742
3288 5362
3499 7817
6816 2918
4096 9655
8726 1511
5648 9834
1955 4264
5564 3417
3562 9321
1424 6033
8359 3345
5952 2264
3908 7830
5666 8199
2750 4122
940 6038
5836 790
206 2651
3708 4301
2306 8785
2164 4305
4971 470
4920 534
238 8481
9854 1661
4514 8212
5006 6817
475 5265
998 2492
3463 3748
6614 4403
9785 8801
5192 9990
1451 5251
642 108
4036 9157
4412 9006
9626 5683
5891 9863
4164 5744
1524 5029
307 2881
8197 7133
8145 9195
9624 1608
2942 2589
2362 9078
1389 3905
5419 9192
5508 6060
9299 5895
5217 63
4900 1194
5745 7142
1057 6260
9237 8932
1288 9543
1812 9485
3027 6308
8679 9002
4267 7972
1591 6628
3401 9331
533 8819
8522 2392
1230 4173
8286 2798
4235 9537
3992 9979
6678 5048
6239 5914
331 3878
1808 8494
3362 1186
4801 8392
187 9068
2715 8129
2047 6115
7460 8931
1285 2333
1322 2515
6505 9607
1664 7091
9143 5655
3422 2172
7054 6012
8085 3736
9889 6244
2229 9603
7429 7030
4346 3968
2449 7061
2096 4495
9527 5907
3426 812
4592 4747
9678 7448
706 7693
4539 9848
3348 4312
2020 6753
323 6456
489 6563
9052 2717
2517 2832
6098 6863
6799 8546
275 5247
9393 6153
7505 2818
3316 2096
3916 2993
9544 4621
7038 434
4469 385
1097 2840
3489 1419
5647 329
4333 4698
9398 6850
7530 5495
3712 680
393 338
5926 9785
6490 3431
2602 9806
1878 6517
9150 7773
7490 6187
8206 1958
2923 9302
1149 2764
7072 6795
3092 1405
1493 2489
4606 5374
7984 4669
6053 4728
5006 8331
4512 7847
8113 7113
7652 9990
9981 3154
7763 7470
9340 2320
5779 8615
7974 6927
1378 1397
74 4469
9153 7918
3310 3758
3291 1293
8426 5695
6020 9783
377 6883
7630 8489
347 5281
4831 327
4786 2593
4149 4126
1264 6279
2740 9237
9558 469
6986 9631
4937 6138
3900 8246
9896 7190
5890 4673
9236 8261
4456 9613
5143 2085
4453 5489
3717 9283
2168 8503
8227 2668
8980 9491
5298 8071
5079 4855
8539 2064
837 9827
8202 4736
4425 4449
8277 6666
9121 7513
4927 9928
3477 6421
2012 7929
8262 2081
3564 6781
583 1790
9448 5914
1280 1097
3984 2711
5952 2522
4774 3140
8700 9327
7876 3124
127 2504
9790 5600
6368 1068
5527 9844
3840 3891
4125 2101
5971 7688
8881 2905
5829 4680
8818 7109
5777 9153
6171 8080
1674 944
1219 6725
6623 5446
9849 3101
7950 5990
8700 4317
7057 4227
513 896
4469 989
9349 439
5028 4581
9695 856
9261 4864
7964 1389
4016 486
5820 2041
1430 7038
8765 4404
8836 4965
7504 6785
954 2556
7453 4362
3134 4317
5258 7602
1657 958
8040 6684
5538 4086
7540 1150
8949 1855
2538 2964
2341 8357
5004 122
1747 3768
877 582
8733 8380
3718 6038
7287 7522
400 420
8191 2009
8021 9847
2966 2412
6531 4855
6497 4070
6005 5445
2276 4894
4760 4616
9603 9763
4737 1349
9883 5613
8282 4967
345 8351
7356 3983
5872 7755
4403 414
9763 8775
261 9080
1187 6791
3935 4035
7212 6291
5832 9487
1184 591
455 786
6706 1543
8486 2940
3508 3119
4258 204
1469 1613
4186 3693
9368 8588
4106 5482
7363 4366
914 4901
7508 1200
8935 1071
7490 1118
6910 8673
1709 7364
5811 8414
5258 4296
7705 8765
7415 1962
8968 5235
3574 3154
8927 9293
8093 9385
1127 1807
102 2040
6707 3962
9591 1994
5032 7080
3111 8293
2104 1171
5656 7914
5936 7266
8562 3640
6030 2328
5601 1350
7562 5527
4503 2841
4819 8947
2225 2297
754 2326
688 3812
6287 278
2157 7671
7357 5268
5963 9461
2790 7971
7374 8726
5236 2287
2365 7617
4614 4318
8966 2176
9844 3468
1368 1014
8767 3592
3311 9520
2269 3998
3331 4908
4276 5488
2578 1632
7107 4892
7444 6248
2862 1170
4973 8097
3456 3690
5714 8070
8007 4679
6597 4202
4499 7964
5215 3265
7907 8525
9136 175
8875 8818
1434 3150
4305 4011
1133 7763
8903 4929
4011 8116
6098 5335
6213 9553
9024 8278
7622 3382
9308 570
7583 158
8533 2798
9774 2791
7674 8909
9318 6548
7727 751
9697 8383
