480 360
16280 720
270 468
7776 1955
90 1960
360 2300
6840 1377
1890 936
720 406
1520 3000
357 1539
2736 360
5278 1656
756 624
4522 72
48 700
72 1980
11648 352
816 1568
270 312
760 4940
6380 468
7056 5616
7410 7830
6000 36
1344 1200
2304 171
400 1400
234 3360
782 4800
754 4256
216 1485
9690 261
2576 792
2793 2376
1584 1856
1254 1836
1100 4050
1092 672
1365 972
544 936
784 44
108 2850
816 3456
2550 540
2268 837
5040 875
2175 476
324 1875
260 4200
1700 372
6400 189
1044 1539
396 2880
4693 2232
2600 2856
4488 624
10140 2000
7820 648
1890 1134
1566 385
812 1015
832 1330
3675 1029
1071 112
288 102
1040 3402
116 5940
120 490
384 6336
1350 2700
310 1920
4095 1360
8400 114
21660 1152
128 378
7680 1650
460 64
2754 2646
1152 84
3300 324
4940 9000
391 1760
182 2640
1200 2448
1280 2668
7056 93
4370 576
1040 1368
3564 2448
4896 816
1040 840
3420 3335
1020 120
672 1792
2520 350
1008 780
648 44
2040 2772
1610 110
8100 90
21840 288
2240 4158
3648 2604
12 320
6936 5775
360 1320
4144 3500
448 1176
198 306
10982 145
1440 495
4560 9234
416 64
1870 54
6902 1500
3850 7770
6960 1914
2926 4212
13464 7840
2520 950
2520 2160
308 6
3159 216
7560 3045
660 2652
234 4092
270 468
14896 518
770 144
7220 576
1008 456
1989 882
4752 924
2992 259
918 4991
264 496
2880 504
5202 1008
1080 2912
60 180
2016 588
1458 2088
3375 1479
8550 780
1672 840
7735 992
6300 7644
672 3224
896 3000
400 217
169 2592
336 729
3360 140
2178 300
175 156
5440 504
4641 1566
1728 145
460 8190
108 520
4576 3192
560 1755
5280 3600
700 880
1512 2346
100 648
2880 1170
168 2720
175 4536
748 960
12312 1404
640 2520
1653 1232
546 4914
112 2511
96 810
4389 72
1260 6000
4046 384
7812 390
525 364
1716 1080
360 6480
420 54
858 1496
2520 3519
224 1200
6825 432
2448 1040
130 1372
390 55
216 160
228 125
2457 532
666 5800
4 2025
120 336
12000 6864
5184 4350
528 798
2900 1760
4862 78
323 792
770 1512
3400 468
8680 693
1540 340
1260 2166
216 2340
2261 540
5616 1080
1080 2600
6240 120
36 5075
1056 320
4992 540
114 525
836 2376
1287 7296
5880 3696
637 630
5120 1053
4620 560
180 3159
3360 140
1100 750
51 2888
5544 3360
12480 3840
4000 3332
4662 2660
128 460
2527 462
2496 4032
10640 306
952 1440
704 1426
1026 1820
136 338
2552 4992
2618 468
16 352
3432 210
360 2856
1440 240
5220 360
6409 3276
87 216
480 1215
1700 1102
924 1176
1815 2700
1320 1820
11776 2040
456 230
4760 144
1085 240
22200 1152
3420 2520
518 156
9576 1386
2800 1280
1760 540
2464 570
312 192
11270 48
323 280
4536 720
360 56
2240 1540
1800 850
432 7830
4004 1456
8381 468
2184 3430
1568 616
1344 1404
9384 2184
7128 945
3240 2880
6500 1008
1080 1400
84 92
6409 4480
6084 2652
810 1140
2520 1764
810 168
2016 480
84 462
1368 5022
780 112
720 3822
1560 7560
312 180
432 364
9000 3393
5280 3132
5225 715
125 748
5376 570
432 1482
1056 1512
760 555
1440 592
2312 3744
2448 1050
504 480
432 5070
84 48
1944 75
2145 405
476 3325
6240 1131
5850 1800
1596 5054
3360 567
3888 1330
7293 990
315 1800
190 3480
16492 145
1440 400
2048 1680
11100 108
1638 2268
1440 650
5040 220
192 560
1716 429
2430 5440
112 1620
13365 182
3978 150
1260 4680
510 1200
3740 104
8463 2990
1071 1960
90 312
5022 11020
5152 90
5760 4158
13398 676
2016 6438
280 2516
1632 147
1368 720
720 1539
2185 8700
3420 192
1620 594
66 3200
1088 2040
1054 448
1920 4070
750 1539
3627 6160
180 3168
4998 280
312 1736
2850 2160
1400 440
4440 6440
1530 330
703 55
4032 253
3654 3042
1932 1320
1360 5544
2700 735
8352 1216
1920 2040
704 104
3645 1680
7488 3724
2912 270
12880 208
3472 4500
3696 1496
3200 544
4420 3515
4959 288
1372 133
220 112
3360 112
12960 2175
280 1728
90 720
10044 2240
2772 1152
3600 1368
1280 5400
4212 5940
756 36
22 920
715 1260
432 2970
11718 126
1500 3300
696 36
1980 10200
6138 240
10010 600
17632 130
2790 4144
144 1782
4800 2640
348 700
4368 448
266 24
4698 135
7140 224
9657 1300
464 2688
1782 1960
672 100
9990 4830
1764 2760
4800 551
140 1260
2340 184
4200 2880
189 3200
5890 990
520 1575
3402 432
2511 320
1600 5610
5544 690
3059 640
4800 8512
720 3240
891 455
396 270
1568 240
2160 532
36 6498
4368 864
2240 1995
1170 204
1176 520
9842 2464
616 1960
348 4640
2040 1200
4400 1225
833 1596
396 342
5508 1102
20387 216
1512 340
10608 4680
9800 600
7605 1088
7752 60
2016 440
3432 1344
136 800
910 2622
1368 4554
1440 3978
1463 754
784 160
494 93
6000 360
11396 9000
868 840
7904 144
7200 2079
858 960
9600 450
3400 912
4788 108
4160 2300
15708 448
144 288
5280 1440
1600 96
1568 1344
1305 1560
1625 690
2784 1200
17100 3080
6900 112
2970 3360
1350 1326
156 396
5100 1080
204 2592
156 567
840 1656
1392 192
1440 350
600 1350
1134 936
1680 1620
3480 180
640 115
4560 300
1620 100
2688 1200
2565 2940
10200 672
1728 150
6318 2940
1500 3264
232 696
140 380
5520 576
880 1224
3705 990
4590 3240
1495 1860
476 1480
1980 1404
1848 1092
3360 2750
448 1512
3528 88
340 3570
400 2200
720 40
315 1856
864 450
425 1674
1785 1860
288 7448
306 1008
4200 320
2310 1008
1001 2088
3000 3330
3038 2405
2720 5850
14652 152
600 1122
14820 26
510 1760
3876 5481
1190 1560
728 1836
384 216
1694 3000
650 1134
756 7344
90 416
200 3626
2992 273
6864 260
348 2592
240 24
6138 324
3906 1734
2100 135
1160 2030
392 1344
3600 880
200 34
2128 864
2400 3458
4872 1615
760 350
990 3200
3024 2100
2142 1104
540 5928
4320 1026
385 2205
1360 4928
2160 5580
5850 2392
1584 528
19720 270
2145 1395
140 560
648 104
1248 925
704 4032
2052 2184
1998 1972
1872 9300
1152 612
665 1650
2520 1302
1575 210
280 378
9828 2592
1740 174
3402 2450
3971 195
400 1053
2184 288
4275 252
3584 672
6864 252
840 1485
21 324
11154 459
3640 4200
5940 112
12236 700
3575 810
1736 4368
11232 1560
480 273
4991 224
540 3168
980 3381
5408 624
912 5130
585 1150
936 100
4563 1260
480 1080
144 38
10800 550
6384 1400
6 96
1140 72
4928 1425
1104 696
3150 4250
720 816
4225 6125
7040 2673
3564 180
1400 372
1694 1584
15232 440
3740 2944
494 70
3960 324
420 1240
2352 2688
7803 250
2100 572
16 2184
612 248
1760 3978
990 93
884 2016
1568 1287
10368 1330
1176 207
459 525
444 630
224 630
900 2160
273 266
792 90
210 3519
56 1920
2640 1260
5280 1360
714 2100
1296 2240
5022 9450
1326 203
3360 4800
15840 900
1728 972
11040 2640
1258 3000
5632 240
252 1058
855 6720
600 798
230 1092
8568 4554
5130 972
928 720
754 1653
10752 324
5456 1305
1044 3080
1554 5616
592 90
234 90
660 4788
2000 945
3509 5850
3306 78
640 680
2730 1100
1960 2592
660 1232
2850 1404
1881 306
735 1512
2584 1560
3915 6000
294 1380
9282 352
1365 3536
12903 1750
320 2664
1188 288
9792 130
1782 5400
108 360
15392 1386
4320 460
3200 3200
4500 552
26 5180
2808 4600
4940 1000
1056 20
780 4692
2208 2700
1972 190
1330 360
594 5510
378 6293
2496 972
240 1664
60 720
5850 840
11832 144
966 750
1000 1392
6336 300
2860 138
4860 4800
858 870
392 560
828 3480
6384 480
5040 7128
4350 4500
6300 480
5852 782
1824 5800
4641 312
975 4680
2288 1584
4032 4000
7590 1200
3500 720
4914 156
1620 1914
4896 1080
6900 5016
216 1950
1360 714
665 690
7920 189
990 2772
54 6048
6960 2772
1080 1550
180 3300
3465 1440
66 1000
3069 351
1560 336
900 700
399 612
10336 1792
1716 351
5200 1344
10000 4160
18000 9360
385 1560
1300 1216
228 1380
546 5250
2128 1495
504 2268
418 2660
867 4536
8925 900
220 828
4350 1122
896 870
756 1100
1600 864
780 2990
7084 1496
168 352
1120 1820
1760 4590
7500 588
1632 320
7820 1064
1540 156
684 60
1155 896
18 378
702 1254
540 136
784 1890
1936 204
4284 1404
2178 21
1440 3762
432 3978
66 174
4480 1995
480 300
6048 2340
2660 1008
1701 840
6650 110
1560 3549
945 297
930 3040
5474 360
550 3510
63 484
280 1296
1152 20
8360 252
1440 40
13832 1920
105 5250
960 180
14040 884
288 1500
12312 280
280 675
144 792
380 308
4930 528
3800 150
5083 972
1650 231
12870 1125
560 40
1254 1944
5642 2030
816 900
2268 220
7728 1050
4576 2142
3740 252
8645 2754
2610 945
4320 504
3864 210
561 800
6370 216
12654 512
588 7533
1170 1900
1368 2046
935 2730
1920 648
117 1050
400 7560
380 2160
288 1026
300 4389
17360 364
1224 225
2112 480
160 7888
3432 350
1035 5616
30 360
14820 782
336 1840
2145 27
84 1900
14400 135
1560 1170
660 324
2030 2160
180 52
1440 351
3220 2184
319 5168
300 648
4940 900
867 1260
4680 5148
3588 486
4760 6120
112 5290
11484 279
1530 200
165 3600
975 2340
1500 7360
5712 3042
945 9280
10400 1190
2860 8
3872 396
1848 720
286 952
144 1925
504 3332
1260 2940
480 930
1248 72
1518 9620
9240 351
1200 576
722 1240
6480 6720
798 440
3672 80
2128 2760
17748 840
2880 476
3705 66
5940 1800
4992 189
6552 1040
972 1242
168 2697
14985 5320
1350 520
224 7168
10075 124
7425 336
432 684
10350 580
16240 324
3024 756
4408 160
8160 156
280 1800
1088 880
18241 162
253 1200
3040 798
56 528
828 4930
2688 400
1848 1326
486 493
32 2600
560 1344
864 780
240 70
1050 1972
5520 4576
4914 1872
840 260
9250 408
7650 540
1900 5760
1280 320
1008 2520
1620 2400
3168 2200
2028 9280
1872 4250
84 196
3990 540
184 5832
432 2992
476 6804
1848 1326
4896 132
3960 1456
720 968
5070 2210
855 1449
420 6960
16320 64
84 1152
9072 2600
1768 1890
4704 5750
1620 696
9048 396
280 42
1265 1680
5580 2000
2457 135
3432 2730
6048 504
3000 1218
2070 1800
1872 693
770 720
4320 1280
1080 2340
2310 8910
240 432
7695 1440
2464 2520
7308 672
90 2530
2016 630
1610 320
3402 224
2340 120
3 189
11520 4960
1824 2280
400 1848
4608 540
5832 960
4872 2040
