81739 48492
399943 402311
55181 107837
586575 586446
88861 71397
74098 107217
3330 80022
36631 96373
298687 294802
62397 57713
217610 225320
82259 56357
94912 91638
9653 7962
108833 18161
600900 598922
15215 43776
5448 70078
35449 53065
177918 179938
22633 9484
412846 410176
6006 67633
13135 5353
27008 47154
670138 670965
374091 372800
35071 18085
1487 89259
80909 64426
742620 740689
67758 94337
450183 442038
23140 106245
50207 82762
80041 18490
66695 50189
298129 292673
132266 114521
744676 741891
64821 94005
78463 81738
74662 40249
110618 49832
100932 39788
332108 338867
73647 16807
68326 78261
2145 50711
115080 127652
889925 900343
69930 99119
134419 137764
2973 24731
41370 42675
78059 43126
93654 104898
108871 15919
339867 326319
31475 46025
948526 951049
225332 222445
10284 68553
43257 30588
52272 59805
67459 98101
448436 450171
492641 496474
76535 62562
105313 51214
412633 410739
10877 6970
114378 132299
92269 20113
706217 705739
47794 72740
442711 445150
22997 22751
5360 9616
99008 89413
90876 105652
533436 531318
50157 59903
82668 3503
76374 9020
32742 43062
474050 472763
395799 395356
102151 76661
30162 33636
79134 31927
326144 325399
521551 519304
6352 18139
59550 89696
589762 595146
87041 90937
20416 65259
123879 121071
87412 38015
98800 34195
52149 104074
15779 97396
659757 659444
789177 795017
75671 54573
15219 107116
68844 42616
87741 102124
45787 51612
103474 6892
235872 230583
67628 28309
74401 103181
44137 30116
84359 2400
46876 79718
47734 82623
679339 679930
713437 708353
5224 102405
42664 13108
428954 430417
114297 127824
82181 34022
311710 317224
1323 51999
84587 104585
396952 401096
2885 74767
132230 130737
733693 735803
26966 21123
78801 54527
68990 28352
146781 141507
675899 672463
72555 74526
23565 7472
713095 712922
59381 93568
98334 20139
445532 442484
82005 74111
66396 26979
60868 17232
51301 107012
27429 25598
65347 102545
72525 14391
594353 591950
29391 70222
37982 102712
290806 300116
61529 22682
91658 42973
13577 15880
800146 801750
5771 75795
25022 77663
107171 11131
25563 80429
104762 45315
106286 11060
112931 102326
5482 69803
20603 60098
55155 63177
95470 33281
64424 56048
700952 701036
54150 5980
659719 662822
18222 96633
48311 16872
78488 55342
101768 50938
833975 837352
56556 54723
879481 876412
29256 109440
594487 590025
133104 114200
24245 106452
617469 616068
62746 67283
38227 45888
63664 62922
77906 64531
4573 86940
92312 38034
34607 58966
5911 36974
101241 30255
249391 246056
76794 69249
4485 76488
40915 66848
16264 16375
800634 803635
330951 331457
19095 21103
233157 227946
206947 207357
213184 214956
50254 31033
90758 47000
36467 5169
171274 170378
594974 598570
92807 96380
71021 28755
46798 85042
111386 10777
52970 30699
616594 618731
8132 41001
108358 40078
7247 80090
33116 59518
45598 70650
30423 64395
437363 443165
75750 12033
711792 708061
589870 590338
990848 990850
86170 100251
62746 50183
664512 656538
42601 110109
10224 41576
741157 746534
47763 2116
84162 90174
32996 89033
25343 59295
35983 100916
41813 32832
48656 91312
59616 70470
37421 186
110329 60230
77395 31604
20313 33293
34628 94798
901606 906086
107547 81469
98865 25220
41458 90928
16847 32049
197479 196027
18715 99200
201693 203048
183200 181668
804381 804313
106398 80509
69801 27478
58840 53896
72087 20302
165796 166094
14451 81355
51306 14061
39613 66638
1832 20312
604290 599027
109076 101715
357187 346519
35119 100306
11815 68054
58974 45254
234223 234018
20946 66394
314005 312395
454323 455085
154614 154601
7396 99237
83915 59123
103890 64784
65904 96067
109081 27725
59380 15607
19165 70139
82186 863
56543 109163
35668 110315
31885 19757
78988 12952
4267 40526
140243 142241
5137 8039
94989 79505
989739 988537
29282 61163
45423 44822
109318 40692
64526 95877
602059 601933
104613 43927
104947 9751
195646 192207
900985 893908
65966 50905
40090 19213
40283 6279
93245 63634
74821 85452
122034 120667
144148 149852
36539 49806
35730 31268
110131 39545
87164 8962
61222 19597
1656 826
254104 246829
95289 38129
439133 453142
28578 68344
798744 796943
54582 23408
173691 179924
369417 369695
497542 497679
103401 67492
86193 4169
740093 745573
23403 58971
22972 81984
618658 614293
709312 712932
40171 102107
115382 120891
121963 133177
31914 41958
89608 77764
672564 671286
60534 110244
51467 100663
61167 42148
6621 25817
686222 683341
125657 128827
63177 43931
32828 9974
469519 471130
44935 4801
61960 69326
263631 265579
11903 85739
58718 93038
43744 9616
106554 2029
152457 152685
62063 55526
850121 850593
113328 20096
9999 6688
112347 102170
599923 600211
112866 19318
609325 608348
344271 355119
45788 17821
39905 99384
164039 167559
224276 217487
91621 30374
23121 52649
63857 99820
13627 98366
2324 35853
826555 825677
69048 96879
10396 53623
18294 33453
79381 25453
86619 3019
41914 64501
30391 109569
244584 244318
93758 48188
77604 14644
96637 56893
53122 113006
79442 15154
83317 40907
51285 85837
97049 89564
887857 889402
25837 22909
31480 64036
69030 45106
229127 231422
98720 95527
18984 25191
347227 346317
61006 43203
284654 284174
81619 44300
101709 87539
449880 444588
235433 233154
589491 590591
890376 896343
642573 642167
121629 127486
68866 46463
11756 106276
172419 181448
65117 94389
53968 66020
53861 3127
59533 84098
29788 23255
200167 198808
87722 13636
590358 594132
3337 1103
25033 76697
192942 196966
59219 108116
895774 900416
341577 356441
170358 173330
12882 60538
10418 89717
25246 35942
97896 29625
37433 33676
3230 17537
323550 331994
662862 662800
39856 46970
22848 75670
16901 25819
253150 255042
19814 57685
74637 77310
86583 75741
522412 521251
4283 95144
879098 880983
348050 356773
102627 9098
28178 6190
10497 55018
744058 742183
261823 266077
63782 46343
465115 460763
686120 682966
333245 328988
56882 7367
87915 34899
33044 59701
71432 84822
26857 29826
100977 72983
993631 992800
231518 226845
112442 49706
99861 12650
82 73208
57116 103727
63145 13158
40726 75092
42518 96626
67793 78368
29585 13350
53931 69497
85911 17316
19316 110821
656943 658259
71712 54560
95162 98286
10277 80862
65714 27636
94994 78643
1529 72901
620287 620574
690894 692370
19389 16307
55065 48702
348385 342708
34362 53596
23833 31795
226982 233236
340701 344518
791967 795875
101059 109817
307326 310588
13835 97536
102205 105074
86493 41285
8212 54836
86206 14672
110629 20438
90749 49935
89728 53750
9269 127
71092 74750
18675 9296
67565 97206
22613 83496
38960 45332
223 66948
92328 71564
410807 412894
99976 39242
20786 102429
686897 680563
301415 292821
180406 183087
210660 211200
292534 301363
271053 273481
140366 147259
356887 349874
78938 66206
22368 43476
33494 100864
383341 385728
42720 91867
313611 317991
513344 511487
27278 80046
6546 82413
528290 528479
818801 818431
75255 19556
47463 71440
64195 92268
73958 54121
148399 142288
58197 49332
67272 23204
76152 22541
105786 6836
13243 84896
62777 35971
369737 370074
24171 99077
5321 36591
43735 26960
291171 296980
81896 68212
596270 601158
74916 38308
61803 93178
619185 615510
986034 986192
112790 79403
34028 38170
17853 48013
76461 50929
24239 17398
107682 76664
43969 61555
27988 80063
23410 87113
17088 44382
32619 16394
101322 30188
66751 53963
923722 920689
66767 105997
20966 19729
10640 77422
573964 569970
77285 22757
970768 969587
675141 673568
36577 75024
96820 23704
48640 25505
77406 97882
175437 176522
505940 510175
59256 59250
13175 55576
46033 106366
37871 27421
691702 693876
6514 105166
68170 81371
54433 77021
75155 88920
80281 5458
237844 228454
866961 867720
42170 71001
14917 34057
742176 738135
106959 13029
21622 65910
103873 22343
14657 78979
58379 51123
44642 81584
617564 618178
105817 60692
114061 120362
104486 56470
69765 76239
55607 45790
90139 11184
85173 83574
78038 107763
111681 55546
42877 60823
57182 26212
65489 78778
312974 313528
45433 86580
96998 65292
74372 44735
14740 55703
49185 108351
896100 893166
50913 36180
31598 84215
66531 7286
31153 22803
3780 4189
11094 61574
603131 597420
188911 186614
33156 61511
396492 399309
64581 66040
42336 20115
56830 36612
101197 23235
35953 76878
45339 14475
670239 670555
86706 44294
598095 594307
10052 54433
70539 109163
556930 559648
33177 52301
355922 348427
18201 62556
495202 497032
440666 450659
674763 678209
73300 48671
462838 462142
228529 232521
98229 41860
72961 37059
57278 57968
77361 4378
77258 99820
590169 596337
31986 95133
683032 682404
8677 83098
449597 448507
94282 74998
73974 53697
93039 90044
78852 62262
110858 24129
21695 82914
45242 1884
124972 133795
87838 34231
11484 26121
38265 32244
87805 24064
16681 49177
678822 670682
769774 773995
35002 27715
864848 865391
46244 81336
76849 98516
63414 47223
29334 91861
116189 119654
452675 453078
107385 47475
68976 38870
34757 36688
302062 298814
698580 696602
12088 3681
9624 19590
70794 1611
210170 209587
90118 71940
30551 8878
100312 22319
41989 5801
127539 133160
639402 640046
72724 63340
953701 952019
1859 29384
109506 82239
133492 125463
566116 565408
444689 451464
39590 27378
31201 38599
195583 199193
107698 69548
42149 7384
61504 95605
21695 97334
79310 26697
374352 369747
338945 324787
103246 20468
88217 67580
21965 41004
99207 30823
48423 40380
87228 67347
108041 108340
596448 591949
216642 218841
29648 67418
103909 112474
339296 324384
102827 100875
8658 12388
349483 344074
4742 65055
196914 192029
85491 16999
3324 3401
23724 23496
102149 22417
336703 334104
770148 774463
18442 47042
10198 22088
112303 91116
28516 12928
222897 222085
83171 24968
69378 108300
112743 29213
24759 71484
71522 112397
989299 991470
92739 87133
20230 96938
192120 201315
34544 86239
271238 272111
4844 7757
12870 103616
53655 33779
87194 76356
569463 571699
48998 63711
672837 678596
4871 58383
31325 26324
600840 591150
44813 5417
293400 301620
17473 19474
40734 64951
82278 78909
267778 266943
301864 302266
94680 111462
493154 497471
103531 4290
54923 69840
68526 109470
109346 78310
104296 81391
13201 86635
64925 108762
29424 70075
679273 680239
908238 908017
134615 134786
13086 51446
77942 34514
2295 99777
40224 1464
11152 59868
17465 27660
78816 101682
77002 53748
52190 61661
29563 101993
33295 34803
24480 112302
36269 61383
53149 38777
53613 9748
62551 39896
47772 24242
237108 234476
90974 106938
39000 53234
95464 71236
73090 72491
53790 65194
14549 77148
113094 70849
11544 5665
984668 984941
87741 14257
9890 81296
121342 120350
68491 108933
50385 104817
101366 58994
173140 170579
230819 230208
119893 124749
274599 272108
4670 8555
9378 47005
16535 96887
9133 31819
893350 891180
64972 58227
62433 52112
7951 99432
54952 67662
509179 510072
66590 62906
96952 41785
72157 102972
100345 32556
26533 86131
75130 35724
56977 21035
476017 468947
536734 533190
102176 21596
394994 401159
110008 40661
8023 110545
394482 395726
557092 558496
101926 104988
900909 900131
26167 5502
89765 84229
86266 58492
739407 744188
45645 102324
54554 47547
266736 268610
676984 670196
84340 25344
80641 87977
66273 92051
904556 904755
101825 112742
98614 53600
101206 80758
36724 71052
15486 26524
85234 65258
54424 79171
298024 291535
57196 48207
67089 38733
76238 16156
258608 260988
792438 792007
47710 52204
386805 386895
140609 142337
200219 193560
50402 47334
341746 346203
39951 51674
37039 66204
45679 75696
101290 22413
72393 69792
101126 37903
11679 5272
216821 218623
61511 70694
62186 29573
31963 26693
58153 102524
111096 101406
27414 92221
743514 745496
59007 86276
54434 36199
894908 895387
81930 88001
33911 85536
14807 62689
418561 417185
78723 45803
3050 67034
349719 345331
47088 12407
49358 43475
55759 13169
288671 288699
3819 24735
631731 633959
131521 115403
262833 258929
89879 71073
184116 171164
49400 85448
556518 557210
44272 61972
98414 4991
38601 54833
98163 70775
835460 837733
106190 45451
57019 21992
4987 108754
33413 18393
677670 677746
598006 599760
53858 50998
111688 15416
1287 66631
11399 23379
501 92172
54770 109368
106086 72971
85123 33700
658847 661703
70365 31913
49896 41871
42529 90832
5088 93345
633184 632669
82462 76733
37160 9133
76252 10384
67599 75780
108644 38356
105240 98265
451585 453275
109224 26360
86192 43636
99509 44911
86038 34046
214275 218668
392908 391566
75437 53486
350472 351561
11483 4942
37720 11
28452 44183
56063 72252
26835 25157
64790 51101
52375 64895
74363 111098
238257 238796
15292 67854
253179 251753
14132 99076
20415 8873
16531 97305
23550 53393
28225 69975
62270 105125
265545 262957
55835 57318
90962 57962
69690 11854
83631 6301
42012 30616
27720 101075
79364 34086
112490 53674
25648 110099
17156 17638
87603 6508
87443 23570
373146 373017
45633 76474
77224 22609
133354 114821
31417 1097
68160 46901
94855 12846
212318 209201
96806 53732
7355 70558
34197 39104
3508 16389
58185 92386