49 27
46 82
13 27
43 33
9 31
67 13
93 100
87 11
98 97
31 59
6581 2705
5143 4855
9059 2403
43 2176
9441 4922
5979 2690
8300 7925
6523 8113
2603 7366
7297 1211
11296 18015
17975 4989
4015 15661
12451 9112
13109 8981
12970 18989
15438 2665
14896 1948
16267 15438
18675 16459
13811 54
26048 22910
24778 23971
28574 9580
13088 10423
13742 22783
26737 9268
16023 17951
5281 15574
7914 19589
18806 6584
32230 4543
37148 15425
33591 23966
35014 365
424 34324
33718 34772
13185 25547
31294 4359
12178 20533
37681 15771
40615 26569
40439 3638
34472 2919
16363 35585
42259 38168
35520 9488
42911 27819
24212 36753
5684 21225
49969 6008
9100 9739
37431 785
37385 33276
53143 51915
6908 39875
14485 174
37595 22823
48063 20666
16393 8825
64903 15752
20145 66022
35391 37007
26641 17003
759 20876
49579 18027
35583 21979
44217 62665
10615 34402
40940 14109
21816 70647
16083 22852
7673 7429
37727 30035
49795 68919
3460 55149
8022 41404
12870 66613
12010 29862
46267 57020
27438 42597
26398 1772
69127 5015
35437 82341
26968 26528
4649 61935
53975 32883
18886 78199
13212 19812
41733 458
49683 8392
31106 14004
63247 53927
12268 7208
81189 28186
87527 50778
4883 41977
88649 4561
72991 49137
53202 10058
6765 27602
26892 73691
53485 39129
46689 89648
32341 99221
103905 60923
71665 10662
78778 54963
28788 65946
95323 78628
59683 61201
72205 107865
91077 66906
110926 40819
49894 85579
80876 30458
83480 102719
69900 21464
24748 28640
74911 52040
44914 15577
15528 25891
7188 70613
26143 3471
97514 85400
59287 88742
60857 11012
19642 11888
55960 23922
13507 58859
100137 74406
68499 70100
14366 11210
111839 73946
56200 53881
80361 91240
35546 74855
30910 111859
54706 45296
12652 96362
24260 92012
5574 79958
25963 46831
112810 64559
42293 109627
61468 112083
22372 108619
41358 33161
110871 48148
39167 98322
89134 77473
46778 25985
98466 57404
95810 20375
28553 110633
90789 109077
11051 28004
68760 79461
104064 66502
12750 68345
106483 83652
44776 101429
28655 56117
48172 51816
36617 86262
5126 93468
98665 1938
59565 103640
10303 108623
69150 11076
21107 92171
121438 124849
699 53431
36550 50336
79613 108029
28667 65704
1780 68295
72214 57783
106597 22551
6969 73121
26476 55613
86753 27179
25850 5146
60889 107297
68805 105014
47298 71454
61229 35418
9827 404
100993 5005
35330 41690
3051 60248
51054 50079
22618 86732
79285 91202
180203 181309
74728 56731
85913 113038
23070 59677
5129 26120
28865 44684
29718 70749
36443 5454
54177 102107
157491 155957
102548 96770
98402 7178
165287 165140
29733 14685
53017 32491
59670 28279
92416 42420
95547 24712
5014 100568
100907 70913
126174 126720
98826 104408
62512 3740
8253 98663
109703 106711
36556 100151
99588 69345
109093 1281
112297 41148
123952 124732
8343 100268
43981 37285
60362 58085
37271 3431
100902 33007
99405 58964
103587 61034
36681 67915
66425 88476
22944 102315
115666 128149
6227 13420
1966 109814
8367 6039
108881 24016
32757 75763
62682 26386
81323 42808
83373 85061
1164 101232
23800 106349
48231 46298
87523 102862
111915 111322
48063 38312
82388 87880
34962 43049
106922 49856
9307 9856
87576 55907
14501 35657
107320 105541
112189 110842
23496 106395
106951 52212
37104 4411
93345 49690
41124 60754
44233 25405
64967 77744
79190 112993
23459 5292
39269 44281
96485 18286
97274 51571
50890 34723
60725 1450
11773 18937
94044 110674
233861 238415
34889 38249
65429 29309
21793 12687
87462 12908
107176 63899
9019 48028
88088 46671
68316 87622
10856 69742
97218 95333
12109 31546
109069 41370
84037 5947
100974 58146
86993 3917
12968 13400
61259 42223
27458 54986
122603 130300
246975 249139
89521 98612
99115 75002
128118 117434
34612 104605
85821 48030
36612 12608
103283 18098
67296 17861
68446 78073
46436 67295
169351 168494
93890 105337
23139 79182
4679 111080
58695 72893
94529 18129
100689 52914
69922 90610
183071 183423
31503 76717
76058 12539
94875 11060
284736 285192
89737 100992
83905 43509
191939 192296
80103 109052
51669 14691
40634 87388
86434 105836
73959 70535
46287 13846
122366 127512
108838 52126
111141 48217
7116 109765
18314 102800
45261 106676
67310 78163
201221 194863
25730 103571
31275 23065
49496 416
106472 13615
16192 76796
264535 268678
160411 160882
13986 66981
60193 39238
46836 4385
63327 47141
39093 4601
12916 70528
88963 23254
33951 102260
99996 95471
37091 94398
222045 217781
32786 15712
35203 55370
86979 95286
107761 34092
89479 55986
82266 90795
23897 85334
69859 74838
93460 76362
265382 265450
110405 34797
346856 345321
108151 66601
84998 61343
56197 15473
9193 38148
88844 111260
3453 83711
16541 99442
75881 61104
40395 28716
107272 40412
59682 60621
5103 100076
89336 26015
73363 67842
26633 26020
317846 315917
37421 96202
112266 43378
42819 59467
111875 34578
217201 219746
250854 248147
157866 157537
182243 172596
62238 11120
67236 930
103442 1748
266672 266462
23054 68356
80077 22969
97750 24877
108899 57992
8914 71997
97091 12
349176 354396
129992 130767
11378 45167
142175 147987
14314 87464
214478 215794
48605 100274
164214 161666
276745 279498
51563 19183
67801 15202
68210 48723
102008 92656
46285 19900
50015 42148
283799 282522
74658 95261
36763 44584
27917 26104
349210 351742
111497 1464
342067 343646
184308 171376
72181 61210
93618 54430
61560 82386
36023 79112
101027 15905
2614 102616
50052 100550
69958 86218
109195 46353
300726 301050
70676 4516
6517 78332
82923 18331
171049 181885
80220 58159
43307 87759
8462 71888
88523 48666
340391 347479
161890 170071
100608 39342
97551 35037
15134 77193
51319 18399
19086 72421
105688 42095
21084 23408
90740 98701
345849 343917
90614 57884
349116 358298
13485 17078
48678 43436
253 31904
309465 307736
271201 276294
20470 20096
90743 611
41463 79510
105714 17404
81258 32227
359762 360209
110858 71257
60697 101618
85535 81686
112258 29369
77447 3469
77404 85760
66112 1155
48796 62360
32174 41097
79853 68720
19426 9583
323123 338930
84710 103437
351524 344493
3962 89161
177855 184294
9762 88202
170892 175286
42970 7627
243411 242490
76972 31464
21857 62296
305082 304492
16484 103901
79357 91266
380954 379741
88558 10983
440180 441242
42351 96594
124874 114077
27421 48629
31150 99029
316974 312470
412659 414149
51328 68755
15884 78422
101501 95354
55663 64236
47768 112064
32955 28568
96080 17097
449782 443084
4922 59610
26350 101001
443868 447790
113474 123288
63944 15948
3406 73980
1897 83553
102382 2184
26863 83750
421104 422000
44853 48507
16183 68512
99330 70054
103653 94656
448665 451065
100631 111707
416999 417037
9451 29748
31195 91838
23868 100735
104553 92797
77720 28888
47987 109466
5105 52415
35766 73056
77706 85448
253514 251210
461209 461061
409150 408792
64472 58197
21110 59077
65119 34414
50416 53146
8473 22168
23661 58888
198225 197467
19075 85585
75605 95041
7103 20453
48807 32176
101634 87361
567 33256
89450 5612
16999 84500
6409 39766
10248 47326
6642 70247
48739 92735
87226 6373
112637 55649
43780 78265
14955 28141
650 87007
29492 48276
20093 98411
30719 93193
49987 11873
17840 71600
52009 71897
37065 617
53149 57455
26381 19700
254006 252997
185050 190700
31160 77348
109453 50924
490913 489062
142924 146272
6895 101398
395217 398309
111283 42741
10902 2434
75214 101839
10686 46604
9848 34110
64760 101119
45096 45922
130402 115882
74244 39070
3417 105494
71358 107709
39905 65114
45409 11938
53195 102257
108657 1767
45731 65271
34589 4416
41839 5907
38273 46067
15184 74862
21213 84653
250294 248322
109657 104630
90922 80116
58560 86931
99197 1720
104163 43864
55123 62014
106173 74854
77829 94940
109905 93142
264852 261391
4375 77947
17800 101937
62245 101089
26953 3372
236704 236868
48436 73185
151919 153713
63110 12019
51775 3512
89067 85583
228831 236117
547231 545851
109750 47681
268728 264722
83294 634
60262 51940
87725 99857
10928 7978
232155 232707
67516 108711
87957 64954
87599 86289
83972 36954
311761 313174
18758 61749
117371 131746
27624 100844
24780 53098
124001 124297
111594 2159
3490 48830
605468 605487
74587 103523
67503 8937
139191 139473
112184 42038
130273 126710
6182 87758
70992 86553
3325 71207
15698 21644
365091 364020
80935 95546
102146 34911
110182 33041
292945 301150
98905 56428
27270 14046
27219 69722
150485 144653
141339 145192
12721 49514
288 31008
84761 101496
4182 63113
27039 19309
108970 93032
182943 183463
97151 88113
3156 76452
3639 99657
50379 29961
127588 122896
408850 409657
83271 12209
114526 120849
95738 54643
294674 298140
28551 12532
69121 60685
395104 402814
21016 20920
24099 109808
20139 102077
101455 23153
11453 37386
85189 100121
111937 95471
13646 1671
435086 435032
156265 155702
67475 15314
178517 174867
49570 88714
85844 9655
47154 59609
4367 82734
440979 452290
83475 27374
62461 49814
30150 3506
333827 336437
533814 536310
599166 598747
66443 26132
4492 50247
115967 129821
101291 9394
66998 38138
87117 80122
44984 96510
95452 95830
384513 385105
95306 103267
20159 25946
108104 33319
49534 85043
353386 352305
54321 46885
228081 233166
2845 6226
265602 267776
155224 156100
451903 440401
143601 147788
113107 61655
22648 61994
100417 32765
34210 6335
353943 346686
25365 50388
79118 24331
113049 66246
261877 267313
63995 47563
40348 65902
15602 103269
37634 63958
324849 331601
481923 481270
351125 357897
134351 124922
67332 6419
34331 104581
577644 578383
124033 122798
88968 35306
76635 104696
50723 27871
360753 362983
451354 443237
95227 11642
82747 71206
399255 398744
82727 14422
349179 340177
200802 195799
103133 2711
34672 3279
45519 36481
51399 37622
343594 358281
25583 9383
33146 59140
450424 448302
11823 78142
65740 84989
91671 93955
76358 73611
56769 82051
82479 91492
74510 81119
4649 6312
635770 636149
9350 68608
146948 145044
461433 464139
32658 46078
14082 75603
518167 521516
26673 54014
6691 6919
50314 49502
19799 38283
23826 91838
55929 64961
326150 333648
45792 42883
49787 17195
744644 738845
26645 99557
183365 177287
52622 38924
277756 278354
531542 536471
18226 66924
302802 305799
39942 100523
196792 191797
36655 76920
19685 79059
86454 52619
47690 1590
28635 54609
32037 15284
23601 57247
76024 89526
107457 61238
107760 52742
60299 94831
83192 53686
268383 268742
741047 745868
107954 3869
218354 216402
597535 590652
53071 64261
512713 511743
83094 103350
183755 176811
102040 15192
53317 27302
29319 36251
23293 58478
73049 94502
49350 49586
107380 37549
13468 34147
90513 6266
999 6959
104325 107908
84398 2623
77450 14625
101412 43037
757203 756243
94147 86882
89872 35774
49851 70863
24752 109772
87014 77732
12381 87347
19058 56802
102172 49629
643469 644691
16766 76887
65081 33365
288581 288029
1754 57263
71665 12973
541299 540994
673206 673225
273459 272281
55814 72560
19214 47394
85982 98323
751667 752196
592719 600510
298021 300197
166066 161759
3849 101424
119774 125366
6726 68555
7631 49521
10234 74477
100301 3785
9259 56458
57386 77258
10663 7708
674772 678388
68536 110055
191444 199799
340849 350313
63005 91127
268588 265384
396484 401831
29893 54569
7223 9455
215191 224675
5548 51534
30553 40565
443579 451642
6660 66618
271765 272508
504519 509065
122138 124156
53535 67086
147299 141444
85396 2652
429552 427656
112264 17719
18992 69496
63576 47801
79759 92315
17341 109619
30492 17618
108301 71375
36418 8805
74852 97679
706962 706738
604523 604008
357770 346478
40524 3808
97148 27832
83106 50438
63069 75437
221529 224379
4624 71075
710179 711417
535453 533498
87811 54180
50530 113156
416262 417522
12401 77506
55213 112928
79469 31104
38059 60384
71430 12347
73947 31259
99801 20134
117857 125148
333562 336150
43869 3786
711473 711956
3402 64579
85674 22935
85288 34960
96075 107653
138492 147367
226483 223627
10330 81705
55545 86984
37598 60455
331006 326519
32087 99499
738880 739046
361438 360371
9682 37664
211649 210117
771784 773510
16306 27549
36277 51300
68104 87149
117149 133444
92509 68620
35549 22028
106369 100159
72917 62507
846778 845762
30049 83502
9115 88835
8377 79745
111564 35160
110275 18032
551389 550312
17550 22308
36858 65358
59360 85839
266009 265377
169529 169665
448816 449852
62307 17931
59146 10474
77220 70387
85258 65481
97015 85200
150595 149354
34114 71623
348462 346777
167706 166816
250956 254224
18353 4845
48202 25506
33835 10600
342691 349323
22772 49703
877512 875538
7842 30761
11449 4478
78876 35667
172573 178139
108212 80491
65145 97388
30607 13909
49207 14689
66629 32119
1517 14548
13499 18868
133387 122622
80630 31414
4617 49774
3956 58743
5926 57355
82858 95804
