93550 90550
18614 18993
39 45930
20137 96182
88567 65102
64609 48333
57559 20697
28438 48987
77107 49968
30307 36078
83348 30600
74403 54898
16811 9961
79876 386
48631 61101
77739 23772
13748 69064
4420 2157
81248 92450
66787 14956
61419 14463
17180 80899
98618 34400
92763 82055
3640 13539
2849 54184
91898 59365
32349 80036
33517 81479
83010 72631
70143 81870
41610 37357
38246 60324
20519 27031
49841 69821
22209 23740
75721 14036
94866 34535
40291 24147
4410 34462
80549 19986
55775 52531
65970 73174
21668 64595
38388 74555
73989 31995
84613 24204
91340 2411
5818 60847
21748 55891
24269 35070
14552 11913
95813 23375
95670 65117
61572 49270
9637 17124
81165 73120
38448 94032
47791 82272
62478 1377
23283 97735
79583 24116
21790 92012
17990 313
34915 20587
54654 355
64456 37418
92698 93145
79667 6646
40828 55433
62514 37580
32369 8860
1284 47347
62952 34885
53990 9127
57837 44147
25598 52209
84455 25797
38749 5681
30794 85021
501 5118
66105 51789
48408 9668
53980 5646
78184 72620
53145 60624
49920 30713
77362 61580
79806 65134
50876 6805
98507 58382
16695 46732
30761 26523
85358 82035
98712 87424
76909 99545
72004 21962
83770 52724
31279 70417
57874 96653
54646 59572
51777 52117
70211 10338
96636 79862
65871 56725
26655 80388
36177 72313
19262 30226
57000 58059
1898 55840
641 47452
31811 84914
7045 49141
46772 69373
50753 31732
83855 2138
90067 10676
85158 79869
94799 47051
93699 96639
65516 25676
77285 51414
70701 91597
77336 59719
5711 39556
29039 89298
50508 14698
96512 41676
93706 58689
24572 92586
33124 3186
75241 28985
77874 12527
51454 29322
5463 97431
25627 35850
56839 65815
40355 22736
54355 85230
22583 80
77747 41449
15344 77421
48750 2957
28952 80107
13993 76980
47653 72609
29322 13934
78131 14157
35303 36744
8093 51394
28464 58378
42936 38493
11734 16731
42092 10997
68438 22239
24368 83153
8134 44672
15681 69587
55867 86986
36926 90258
37589 89072
50339 64037
17063 51277
928 88219
6023 99429
46806 34344
54190 51370
76365 61178
89900 87034
14677 16234
9931 25125
64471 99277
11998 23852
84118 34730
54087 64965
68712 53542
38690 63515
70699 55515
65649 33618
32486 81255
26628 70857
96125 50561
91076 80344
94160 36198
21181 16153
63569 63473
60774 99683
96064 22250
50798 24625
10469 52213
38117 63617
65224 72267
92196 55768
46224 76934
36058 14370
99063 14901
20852 86680
38439 43344
32103 70458
40851 71397
27485 52956
95860 76400
12410 64798
57695 5770
95306 89458
29727 86584
87498 46050
79060 38821
11215 48426
35783 56778
25462 73089
30856 58793
23049 45845
36263 4953
28523 31412
97484 60603
33025 25735
51475 55723
22012 73081
53287 95090
56071 46773
7866 84248
47913 47789
51294 75639
11096 49943
51811 7915
45147 35666
46 67462
27513 69766
73074 98432
23331 48810
54157 84811
79547 43487
40674 5956
44096 98777
56334 64869
28855 13981
16873 39544
46935 29990
58939 49414
49361 1218
35129 79886
13915 81753
33819 48945
38135 72110
21595 83273
41028 52926
38603 25818
33665 53958
6419 83265
40985 18401
96454 68457
89328 45582
71681 31804
51432 93552
34623 66775
61360 89743
41884 72342
15722 48540
804 68558
72823 53361
61238 19449
57250 64567
8026 83180
9862 85825
74812 42661
34076 89462
68261 13376
37317 31660
3509 82761
41168 79599
5983 49867
68040 2434
73120 49575
87261 89052
37885 13313
37454 4115
17336 75284
20912 87
62382 38213
23966 63988
59313 38964
37725 89211
57181 1071
8554 55899
13337 33986
58658 61673
94700 93417
46733 89790
45402 16198
40840 75871
34073 91501
87278 4216
87892 15580
74467 6338
37275 41448
27709 7108
9637 94419
64751 69717
87587 56378
48563 54943
12738 61035
91571 44415
80541 96019
10547 15913
27965 41077
64383 92073
38414 94807
23277 77796
43071 57111
77615 69245
1941 76059
71863 81907
94316 1829
81863 20136
55180 55845
39572 86332
24708 44104
16918 66551
10565 45871
97935 52550
82557 29850
91317 85821
57647 46531
45150 9563
73836 71656
27239 19595
38736 30272
36001 8903
44283 28942
53048 14487
14378 64019
75105 16022
75633 69726
6720 44949
7928 27903
52627 46425
2511 60153
96639 61248
96143 41269
37365 20769
82511 43827
66336 47057
9471 62108
19533 4770
13765 76595
32887 66630
31730 15753
83823 96241
96319 27344
48293 92156
89385 1703
35765 26822
9223 81780
46512 32981
16420 58129
62790 53594
91677 19837
3629 58579
50424 54866
32081 45322
87742 50678
66072 17914
47160 8363
19281 79281
77666 18690
93304 22193
51566 19085
90024 70097
93143 14161
6750 67905
60160 49050
22085 31563
7561 82120
89476 30548
27149 36008
28768 97825
53883 24349
84015 68503
66639 72509
33530 41755
24717 60152
35918 13464
65945 10547
21472 73630
14069 74163
57658 72327
73464 62293
37031 15798
87304 82203
37046 72633
79604 64768
63086 55693
4688 14060
60495 23136
44461 69283
47456 73713
59700 18071
5243 94515
57055 29630
17073 33873
80533 68511
31291 50028
8960 46694
83262 80704
77069 61047
65210 83493
94367 52351
80912 78992
73296 11237
95213 31513
709 16960
90487 96472
25324 84194
17682 86921
91285 15218
94384 84782
35658 67480
71411 91252
30252 89201
65184 74797
54028 84258
53986 18172
54595 18153
19512 17200
63023 60494
74620 24872
40906 43961
18801 47188
6248 18654
63720 85468
32557 95379
74319 42234
58600 24962
68695 63394
13360 47641
5696 48130
55546 77343
54403 81956
93172 43969
62172 74256
45153 62666
60657 98126
96401 69586
21156 39306
96093 33101
83537 81008
74012 76452
64100 55991
35972 28865
84058 48986
48608 36899
59858 64865
12234 41234
27281 19550
63846 82476
97806 86675
68699 6142
89472 90097
50575 12846
68610 24348
20989 39477
80832 36970
69270 39082
17986 51306
34385 68954
79922 89153
88560 57491
61610 49743
19153 6239
38303 28849
62733 10863
38084 11263
85585 88429
32637 21877
51190 12723
68225 80527
21247 10009
74538 41230
92526 70441
22653 30903
59332 47599
39600 52347
47348 63085
61725 36049
8994 95179
47426 88254
98621 91563
3057 27767
73333 2491
15515 86110
75867 90979
95252 84456
24149 48126
54147 95295
12698 19749
9417 62819
80592 91623
45579 45035
80639 52181
82461 49353
48945 59545
19981 41292
19305 10855
66185 98303
22238 60492
83663 78062
16402 95587
29295 60617
27699 72487
23870 78849
12749 39042
94874 65104
29513 8931
94965 49557
98759 82382
26976 54396
4947 92142
17653 11132
15655 55366
2465 43610
69085 84197
44620 43020
1743 1175
18022 63000
53485 97464
83120 665
41306 83715
42724 58147
9988 28009
41123 49214
9502 59773
58265 10703
45980 12748
76558 6997
49001 37515
94059 59726
64552 14536
70311 81818
19686 75618
61198 85431
97912 37429
14061 94059
91223 10893
76028 62913
1428 84092
72488 33354
65177 83590
156 3908
99390 95673
83435 25881
39909 22395
20797 15006
17971 71484
60372 39996
30059 34474
73209 20428
1608 31394
87240 96826
95958 23108
25109 19628
88014 2656
17561 73340
82733 15053
87709 2177
31791 88569
86113 46156
49453 70874
46538 91342
44944 18626
35270 73335
74737 47089
16861 30393
33552 71332
57942 57483
67372 77100
91299 83209
69 45946
36138 27577
6476 52438
59792 75752
9923 54894
36676 51091
18102 491
52038 38434
23158 41568
1042 93230
48334 30556
46477 83684
26084 30718
31563 29761
67694 52392
64570 39133
30765 60588
4014 50116
27531 48548
15530 37823
39917 9534
21736 93298
31700 13523
32869 3070
67382 32921
82188 75878
45588 42510
40509 52079
59224 37013
50522 7873
59374 70525
57006 48874
46715 68125
2170 62914
7518 63356
98461 64873
37473 43468
87040 38156
79643 10135
11131 56998
83750 40177
58887 65763
22265 98253
10753 58656
12225 91532
53976 82734
36289 6767
90163 46614
43074 89326
62946 15318
80984 64706
59039 58473
7252 7004
69312 50053
38271 15865
59389 48862
72154 87468
19544 92008
98159 35771
31886 68826
29843 62183
22584 73549
98234 34242
98270 30915
39703 80613
22585 72613
92879 76761
44835 50085
55065 85843
22430 41250
99284 79741
23933 40266
24261 27503
86835 15514
73611 86845
438 80832
41377 80202
30671 31297
79727 78778
16130 44151
41965 38853
49012 8146
14774 76519
54621 81888
7396 64628
81644 59783
68654 86729
60273 45774
24379 49149
8139 85180
6369 99831
63151 28600
41599 7865
34385 64751
30899 40762
70290 30549
22457 96242
88551 10050
79776 7246
18274 14270
81962 87107
7679 94711
65281 24447
67948 40686
7569 98843
21365 28690
30885 81100
40172 16741
44577 22777
47122 89339
7418 91239
20324 27264
85613 20048
24357 6009
30787 21747
7844 91106
16543 18245
85226 34871
55552 95044
35682 43823
6138 92235
81381 99554
94571 88162
19521 98731
13853 62445
22021 51368
12503 53253
83244 5150
71488 55268
37443 53562
1905 60794
74457 882
96021 35644
68610 10378
34817 83228
55047 64307
87978 72371
31022 76941
14471 30747
28162 23725
30916 98010
36191 87674
27839 8376
80988 58898
5923 33777
26581 48457
13183 90310
32723 10065
72291 75758
45371 89525
15830 87690
58928 5119
63158 23511
67301 36250
52781 16028
8931 91953
9228 86498
98355 29814
18599 53892
81737 77695
24492 95580
16334 31243
85954 95741
70984 75971
16954 23871
83496 9371
60340 55860
97679 18071
18833 49721
32062 92586
80080 38281
6777 95098
97480 19531
25526 27328
88993 17868
17128 83499
44719 25607
23971 13796
65836 33281
43659 50124
48656 58865
80222 25249
35887 32988
54554 64608
87824 76415
34316 96740
88230 98213
93558 65260
73677 97721
75804 95419
30178 77717
44236 761
42879 88152
96263 51255
19154 52759
52944 75568
60505 92714
58000 95850
84924 30919
15172 75196
61862 63820
11492 83946
62049 46613
20400 76203
99534 21646
1145 85484
87870 16515
81577 42829
79088 74963
41648 68488
4327 46562
50988 60211
71175 97453
65812 5467
13485 80377
63681 83728
73096 12580
6009 99040
96887 92253
90362 53179
14751 90288
7200 30998
2185 84697
22579 60619
96151 49082
61200 33853
65729 37512
76689 25881
45297 10527
91164 83448
79606 99157
60005 44161
69321 13996
33601 1451
74970 34113
60552 67744
55125 32386
45702 59645
69079 83165
59550 13623
48455 57075
60507 18295
2515 23595
80277 66118
51976 11266
12028 66467
17645 45729
82148 3921
22877 41447
95886 15758
24127 8805
11726 8446
99844 45256
1342 88359
6716 84465
32287 48468
86389 16865
13190 1757
8977 45296
53579 16158
74370 8444
10410 72483
78693 88735
47699 10501
69753 71993
21172 62094
98810 11372
32865 18265
53310 17479
60253 64469
27083 24442
70824 83464
72691 24904
66949 66800
9998 78971
26055 11525
95763 31665
40311 82906
55954 29203
33093 7522
80464 29031
98568 81167
45375 80347
24179 44405
59929 91746
5687 4238
12538 50204
32015 88118
21624 55309
70444 54007
46016 50927
17469 60703
49261 19363
10170 54700
58919 87715
24909 47626
91958 91603
89374 41012
38722 74422
11322 18358
51529 95229
44351 66803
79355 54906
26471 62978
2774 61971
26350 57427
40505 77554
43745 39120
27655 25112
50501 55167
59930 58737
46913 13091
27904 8419
33674 85537
68599 97025
30857 66561
62337 91869
29130 19851
33636 1561
8516 18224
82145 39934
97952 12619
84270 75206
92040 97212
58770 71475
30605 81364
51165 86531
24788 16784
90690 91099
32319 52220
68337 26976
77876 51320
92949 38660
26924 93528
59495 958
5562 52581
80717 22450
25557 57441
63891 48976
98052 73447
22756 54873
9542 14801
43205 17019
24731 29076
76398 15901
76946 9574
54886 82582
72047 24096
39962 94681
33816 91486
85145 60362
28733 10851
70287 2708
29154 5561
28988 49331
98219 88726
85809 83532
87107 42522
24966 93245
44200 19701
63386 53743
662 51205
64104 24520
20398 29181
94723 99517
86307 73826
32206 6468
37378 96495
33947 9479
4539 90840
1757 91285
94832 60203
92171 29970
7321 86418
96020 24911
94769 40021
89242 25044
64192 25981
13709 73914
98534 48660
22213 93749
83393 66343
41018 75343
17531 93645
323 9328
89332 6177
39786 90488
16167 14731
21641 34799
90843 44222
78531 34195
39016 22138
84993 50161
95396 39249
59591 38384
79530 1543
58099 84934
24837 70610
62833 78510
52638 42273
7870 40721
6112 31481
95863 29153
87652 23611
56284 92357
89086 71425
17927 28494
50339 67463
95811 90057
29654 75718
32619 69645
97613 98651
55105 92116
42052 85895
46247 68742
35262 77519
24669 45776
8148 90692
9047 24436
16284 82237
63610 69434
52790 11360
46836 27428
