1 10
100 200
201 210
900 1000
195654 193037
75823 28353
105746 98144
42099 33063
447100 442565
22854 24577
94220 10150
79847 2331
141631 140597
456796 453583
12325 83257
97875 61251
922787 921034
52438 23645
67888 102903
99718 3960
3840 24866
13373 60371
106604 107231
721260 722048
94213 104963
110324 89631
51809 91367
85365 20739
58099 27463
76650 41327
10938 33514
30779 86328
109999 92475
54875 22709
97074 106863
52447 31777
21136 102340
853952 853382
157891 159145
27987 75322
46914 26633
103284 12773
34008 35784
14127 28780
333633 335850
23430 103203
698269 698140
65087 45668
63087 15529
197888 199116
21960 43454
101064 101701
110843 105897
45139 80973
59336 59472
64380 90732
85996 27212
55898 27140
60380 60187
35417 47968
938206 937937
21886 17726
24066 106860
231495 234266
96516 77679
52023 92075
261469 260035
91208 15332
6543 18012
17307 4259
59113 38510
335749 334199
969690 971573
31828 49795
79561 45278
19069 108885
802787 798920
496976 492026
11150 83332
102387 106539
33378 16959
12217 49226
18926 93764
8605 28814
168156 163116
24981 61868
96750 105695
8380 105114
11067 34185
740140 744215
80232 71248
90871 3262
56384 58488
42848 38463
7070 70812
409957 415001
36215 102526
94314 37350
37577 105844
198488 195784
50302 26762
225060 215083
705 25805
312403 316215
70431 3946
35037 111800
2933 3732
64404 64575
675015 673804
102362 103092
427747 428384
2929 29225
369112 372062
7967 87010
74053 44299
37358 34492
577964 577981
82049 59589
66667 37066
789771 793882
99962 112754
745515 741944
14623 56750
6896 66377
623631 625737
73943 1581
32407 67460
5467 51095
57853 57991
597458 603564
227828 229753
796278 792793
43628 46877
33304 26526
891018 895303
125668 117954
2241 57474
109113 11128
102174 60888
115045 123961
107694 10204
121898 115434
55163 65804
64776 31402
83918 36944
100697 18655
44345 44120
34237 36669
40134 54810
69600 42446
810982 811442
118797 115746
21111 74414
79422 110597
384140 383362
17054 32858
250272 248222
49866 52230
31608 100882
85129 64723
573190 568889
17473 36764
76047 16113
684886 682612
17401 16951
37663 8888
18133 49995
531293 535066
519967 518756
18871 25507
98527 8958
78523 83641
90414 44446
7955 45875
99851 12154
146931 149653
671209 679610
113111 15817
5260 104777
684288 685529
24381 22597
17120 26803
274930 271676
91843 95340
354512 352751
79521 50085
108459 85656
103817 15908
6707 19869
259573 268616
103821 61115
526318 528770
128630 122776
52740 97074
64135 111635
76236 73578
20728 65435
40863 81091
710610 709668
26231 89012
54960 50938
72942 48862
56949 2313
129070 132137
33570 72493
273768 275702
22574 43140
396358 397100
42579 113279
60655 36007
106653 38599
8618 84978
110057 29867
56045 65137
12747 106271
37045 48295
802196 796907
77989 50905
38683 96210
56681 85110
169192 164965
50558 18508
43833 52257
24157 56899
186227 190050
896839 900630
104560 41762
18974 99664
198308 200691
352681 351660
515059 513334
50781 2568
35742 102812
15210 2978
129826 133955
116125 121408
59277 79914
96486 10501
460678 462355
12915 103799
7285 2807
32967 66979
99142 26723
43179 1592
87089 79548
4965 32487
49877 58023
109382 24790
152591 152863
402434 399188
100834 110039
74670 108634
121115 122373
742751 744595
443646 446929
173822 173596
172893 179168
31051 107484
676527 672202
59529 81689
122165 114692
45334 33769
245421 244577
66408 45015
97136 12435
1839 4044
111734 91658
518163 517628
78155 54031
20777 30693
78311 49096
30634 47753
84675 12405
653759 653662
895165 897120
106229 90113
4629 82098
27464 112763
38252 74877
73810 73296
467738 476399
355756 347089
189435 190272
332979 330147
64276 14319
894287 900324
178649 179688
124039 116237
12873 110021
107283 105641
124366 133457
108532 100083
122107 124386
14181 102435
97344 106162
100180 20941
464851 465299
43799 71987
325134 330468
82351 47062
521933 521057
571242 573042
661675 661971
516351 511940
19147 69183
528973 528481
96474 24184
355896 341921
774455 769802
112125 72668
266432 263600
451887 444827
790484 791754
50335 63409
17527 105816
218416 215988
438058 439150
107719 108856
603831 590483
13284 97877
99621 99776
668334 668654
65806 26581
495006 494951
35216 57024
414277 413737
18837 104020
104915 57902
96666 7373
45022 25955
2293 72117
77181 60288
314663 311831
83054 79310
77983 9007
60546 42418
66999 8776
65941 39415
105256 107279
415052 414529
4180 90796
29493 17413
38707 106434
22569 80084
676456 670487
81372 102835
90988 50510
273762 276111
66251 36309
780121 778584
227679 234237
343706 352719
106918 46577
43783 88503
57929 97217
47430 95239
38788 79154
41280 59916
349683 345856
591546 602840
66067 78466
1271 88117
595867 593712
709672 705712
69239 50244
66745 38218
14281 60817
862370 862375
139522 148126
22459 25591
71968 44735
61884 43935
82605 79891
103179 108216
40550 2562
74917 47016
118829 115839
33975 89738
11318 91379
82833 98011
601686 600306
39719 89912
162216 166328
20724 68114
7006 63974
110639 86292
898946 892039
262609 266504
19554 20071
39717 37988
120400 129511
93648 91060
707136 711267
341004 351500
167929 166058
349235 355011
43517 98466
35478 74244
233947 239055
41967 78207
25703 64182
61128 98902
81898 44343
74182 111925
18114 48079
49897 46009
54421 6801
335557 327240
43973 23149
54849 13045
21333 47879
569128 569499
4495 22547
439364 438903
374923 375802
876661 876668
63582 70937
509264 507457
46839 39141
105085 45571
31932 32496
10549 93946
789046 795248
64913 55041
87077 11794
12540 61991
59317 18772
27429 35566
407301 407854
517733 522061
23509 80896
103083 19178
66290 17767
31035 49715
103962 55678
72961 89646
707743 712521
792196 791313
462685 466186
90807 92379
63984 10315
46315 108020
15157 59273
7354 79762
120506 119557
20962 4481
68522 21388
510791 511306
664225 664024
101336 70632
41920 45939
18199 11846
393142 402822
93673 63262
98017 83847
27039 75939
26410 49300
43416 81879
56372 28337
51740 89888
149425 142352
188711 190687
19931 88884
685904 687603
61775 65712
21867 71603
14788 4125
99264 106547
24334 29394
642322 641283
87110 11885
10435 16868
161650 169573
53612 48105
19857 62867
101357 1873
44625 12455
96186 55306
18591 101466
36112 31749
193639 197977
43816 103692
68876 47188
90194 68350
2980 78371
53362 105725
47276 76106
831749 830585
45978 42863
110973 9671
747006 741486
102490 83615
112577 43202
300668 299575
109118 19249
92552 27837
102085 22919
25456 49700
233029 230921
55403 71087
69788 80676
16787 4023
53083 72071
3550 80981
78923 97956
13790 99650
13166 15350
143299 142594
29547 84403
65866 88884
47098 98544
762769 758468
249907 249412
893507 892055
45629 37082
45231 95719
68630 25196
62029 50499
13879 71199
50531 82133
291570 296609
743079 744332
95703 65637
23845 3201
132139 130533
643766 644347
515129 512319
133657 132857
298250 291667
117814 124466
116195 116001
29465 68158
68271 14223
535810 534120
312094 314179
25781 69145
812316 813425
107341 66675
618137 619173
64115 36698
176144 170117
38290 41431
45306 2677
115090 130512
86929 84248
65667 51597
100667 90231
83649 4474
44980 64387
20518 85895
68358 14708
68905 3831
20541 65148
19933 23327
61279 86863
41829 27061
17572 95698
73070 31237
76755 1674
10283 68011
267216 264984
69289 86509
83254 101447
63915 68540
33604 76470
86247 86268
561512 563280
21172 76558
43482 46813
67108 35675
30258 81236
93044 63942
19982 58152
67880 81480
101339 78231
350024 352635
84732 19710
89948 46577
6867 28741
26619 60096
35664 86075
26656 29171
90068 773
115415 127796
8736 111119
1881 81880
96369 163
109400 47496
95933 62521
266695 260131
10255 629
343215 345825
28564 32767
6253 16069
354413 348310
106486 55466
30758 88893
104178 30450
102228 4814
8262 7394
296842 297482
910335 911637
92660 38157
72928 19930
73367 27635
10392 90931
7886 49755
56551 112796
65702 39719
84606 64257
791931 795286
13312 74239
549497 549508
24909 36661
629093 627852
82995 50211
820198 818545
51173 90446
111106 102003
11227 104328
10929 83683
594612 597334
71218 10086
29232 69101
590846 597827
35585 93415
406813 406879
32825 109979
106067 73059
61789 108815
3153 109971
106315 89854
442547 451207
28394 44857
81094 79469
115077 125272
7840 56546
113310 48375
17861 10882
356512 349394
739832 741296
10584 22876
76845 36510
12486 36757
62871 90268
125332 134109
22880 55312
22940 60449
32498 13320
265838 267007
39759 32489
66816 96379
55096 101523
112250 89303
770752 773557
65604 86528
113046 29411
100063 94620
35785 73535
709896 710466
60776 82356
706524 705289
4553 102218
6016 26206
262167 263186
823247 823670
47484 77728
24212 51678
79874 21029
54383 18638
4042 73210
238376 234896
147575 146621
21024 86473
25555 33748
16696 84754
6031 70624
66321 59607
525471 529123
30854 1331
95714 104310
71028 23312
9031 45180
330572 339413
51041 11120
84525 57638
94076 51774
3858 48966
707 88797
83844 17544
91285 81217
446944 450415
111078 59820
24281 89964
35541 64966
48905 78377
13531 52749
704848 709863
493576 493475
110904 96935
1730 52503
876109 876353
20834 6972
94117 42784
6086 71453
105496 83004
283159 281535
157462 154584
331792 338035
93027 26073
408139 414716
130319 128089
743988 740334
49776 72083
69131 93549
80232 37555
101831 25676
89138 2475
51722 2365
29219 35245
104364 14170
29428 43094
246307 252866
95152 71699
38194 108594
6776 39392
63027 3064
100905 64200
182999 176463
597967 602078
101468 104295
65684 38655
75694 10417
9914 48551
6048 22782
71333 59430
52035 26046
337807 326150
544 88224
44325 44532
224221 223095
68002 44046
741970 743590
78657 52770
10870 91081
69223 89831
339164 336570
177771 183769
92899 85327
518037 521456
35005 82948
66624 46286
758444 759995
27771 111823
139012 144615
28204 11873
738837 742479
18634 7759
92766 24492
37271 5372
80630 81071
53326 81809
55015 67788
62592 54430
331820 329075
20609 649
47564 52094
66062 42710
706642 708476
88896 65017
620801 620256
83984 21003
440545 447003
342262 342081
19254 54152
16995 94188
37876 52931
4245 68701
217157 215054
13935 70051
110616 75558
326397 338434
78080 47352
79929 12280
76644 49159
65858 68293
132311 116999
41311 14067
232557 236225
595712 591734
96197 26807
15332 3733
154438 159473
36889 50035
731986 730716
43984 10717
108006 12085
20925 22767
16626 27937
10030 57794
157592 153432
105185 47710
141403 145883
10364 110110
46658 68717
69875 84805
37990 21795
75971 70580
81423 11820
72111 58863
110718 75910
21224 66722
84654 18081
78116 32187
93141 20687
345797 344414
104646 17747
96700 34362
56758 14329
742 106512
81579 71226
10121 15788
55773 89171
678481 678487
49487 64984
107494 79943
36760 42500
517347 517676
25677 64497
743454 744166
97486 24083
69934 16613
408117 414247
594874 600063
193620 195082
62236 652
81995 68347
2473 47925
101319 100250
99757 98192
195040 194494
45258 33429
16249 77640
551109 546738
78216 40266
58001 53338
61197 15011
112111 52755
93099 103988
880695 881406
306630 308963
908829 908634
87122 28371
19727 37011
445397 453418
606411 605619
548302 552270
95452 18489
671 96743
491243 490498
81487 32039
760 93704
633470 631836
676732 677907
874816 875987
106427 96305
127689 131059
589920 603725
17482 112744
90029 78344
772935 771078
91937 60131
597908 600077
61945 82182
49348 99853
40545 102942
308648 307582
61553 24697
87741 73392
451773 452180
470733 470797
57499 35851
21790 90012
52766 42264
86973 82031
64167 74667
67132 44834
809695 810259
14179 67773
9761 32534
20259 63982
206484 205201
408843 410540
14902 85238
51816 71728
467059 468129
29883 78860
438123 438445
70101 105440
65348 17079
108403 79355
11767 85066
73178 4970
15456 29073
476433 477330
74679 1931
580784 579506
73365 46227
336757 328962
97933 75358
54736 6667
71974 55534
66732 41268
124040 119603
255812 255273
45572 82868
8078 17373
14346 64449
2064 92894
370752 376452
69697 9936
15823 43750
24827 9232
295551 294762
64219 89491
117140 116021
911024 912036
3092 47736
106573 66123
109442 16321
36574 111064
94187 41653
106614 66328
95672 48584
47447 32003
995479 994541
263243 261436
144937 150163
34812 20593
54734 6596
38357 10529
77606 91125
57550 79451
57253 84112
65823 50160
66550 35352
48783 56731
52992 67057
12401 41775
70704 30419
39709 70186
363752 366266
24954 19884
188522 186553
73746 2762
43240 106005
684441 680309
48888 87668
125854 117393
30358 88386
38113 20146
679123 678144
107207 60500
902730 901515
89742 65275
100290 95604
504564 509336
39606 34704
45004 10974
472964 471451
97224 14024
745122 744378
71289 43453
54191 74342
24729 59943
19151 63506
704918 709997
174439 177797
78214 16441
525661 525611
41762 86131
104698 43023
108167 70819
39080 108884
116486 125327
743272 739237
25286 33663
28515 31370
376056 373633
79802 74505
45469 106983
51013 27656
93542 3767
96510 98081
143520 147089
89651 61623
33331 88392
35995 64010
59719 59929
19117 17251
60725 24249
194076 199062
613857 620163
35790 62820
112526 8722
13917 2758
22385 87831
110058 88415
92454 8831
5664 15441
1122 18633
35405 76460
861302 861497
66505 29971
317556 316188
8785 95872
84158 24093
58640 16456
234086 238009
99204 35379
440213 445549
99740 80496
40652 46130
26820 9176
25892 51407
69835 78406
356291 349098
88344 35104
711256 706385
65190 59313
33323 42907
458233 456481
34275 102520
13689 112162
58621 82315
73394 48698
4472 46783
338234 328416
109996 16048
73473 83879
250883 253159
73168 92309
293088 295342
149733 139017
102739 54943
835896 834890
90766 83876
53068 85951
224617 219214
108185 63066
8084 89084
21595 5450
3424 74850
100866 46636
82501 64142
10473 102594
44157 113087
783170 785659
876328 876762
511362 513266
130549 119106
765813 765617
439300 452057
506852 506530
84421 51975
64822 103918
26094 84069
348892 356297
12421 54072
62226 85132
676393 677265
348752 349020
8817 112045
70590 28067
109534 46526
63407 95785
5224 31322
103214 64757
125134 131038
42007 49273
75071 6860
82119 26536
63085 110100
9208 62677
892351 895341
41247 17270
76413 38300
33667 106980
40786 95632
34635 4950
41309 55906
101865 101074
678441 675379
412219 408131
47798 99231
139113 148662
333025 335064
83448 110725
245733 245197
76800 69512
102661 31822
102579 110107
8174 106672
37945 68064
46069 82477
86531 107075
897899 896634
84194 72682
662691 657815
63399 5290
100595 23572
102933 53236
12095 28048
62995 80737
617836 619715
23959 50969
9493 67310
75428 98178
106616 23609
120813 122045
65170 38785
376669 373717
118475 131054
13147 82721
26851 97570
35857 5782
109627 97026
85447 24030
57793 23851
450891 445835
58123 94450
233574 233704
22343 74125
474061 473964
3646 56210
157455 152275
344231 355003
8410 31853
16921 10575
70326 70000
67552 104845
92615 47951
89831 103376
452841 443773
105581 62919
83867 74993
36384 92181
50646 108787
257378 256104
69603 109583
56041 104955
558704 557379
89255 24250
12180 59241
730681 730570
461810 460734
16510 86621
29495 16864
62216 35239
275086 276682
437191 436825
91828 62050
176113 179245
54427 12841
52627 81884
24010 72006
792980 789650
83978 105318
47813 10788
685442 686911
9575 51477
5518 104875
45540 91947
95617 49703
450111 450975
57369 5773
326305 329224
344026 342282
179262 182835
461769 459899
55685 44270
85250 27140
593635 593305
231368 234170
2946 50161
45846 40501
91557 13879
897446 894981
84078 37240
46841 3160
960931 959933
79012 67296
366687 367504
590814 599934
96550 110886
114346 127886
28090 10356
30285 61688
11758 84940
184107 180049
56217 104278
111046 45732
201170 200853
144425 149118
153779 157420
781 45116
71280 59505
43036 95470
19068 2716
12790 89310
35184 103960
17184 17832
233458 235605
3285 41706
80996 4460
93211 75427
91252 30361
32121 89465
17907 25327
529475 529627
62604 90283
113306 55759
38569 113022
15316 80982
994685 993732
72420 49579
39237 26445
35328 86832
87915 72442
41408 71421
41312 65798
325783 327215
98743 78524
254498 246465
5560 61003
72441 24275
55405 75141
8877 12906
53726 28416
57510 46996
40677 98641
301524 294628
107018 6531
683120 686014
112785 17097
60688 102792
679675 674671
72206 4219
143114 146592
230187 237933
56306 78710
5295 105784
54746 31459
123315 124320
15254 86213
793192 790168
44470 112130
105249 57739
556169 558799
91844 71849
332678 329118
29733 68745
177571 174273
221803 219761
69200 35599
265882 266646
41786 80985
395388 397982
493185 494013
33387 74284
279046 276749
834346 835778
394795 398826
682024 686320
469264 476901
2724 102281
149187 141117
56746 69735
196948 193244
297606 295337
22270 107877
975356 975087
800 24978
472802 468066
200428 194641
130788 118322
57016 22421
99659 56142
114028 122180
520318 519967
423466 421681
55502 21834
350539 357533
541807 540707
106807 76812
95679 62599
82010 10108
100175 62802
395001 398341
14298 81143
57831 600
27852 41040
641800 642486
74307 91784
329986 326586
948558 949173
112727 24764
68035 85482
26635 61801
16818 89165
17018 77861
107458 80063
29569 46125
88176 48838
95608 69800
93025 96294
194264 194124
362765 362259
515795 511336
66247 87589
104358 105202
73331 54630
36865 29501
74877 73225
274109 274237
21697 54779
38693 87873
568791 570492
33195 20003
742410 746129
80218 62367
515533 513973
86931 44629
59707 43877
98283 57046
323522 325959
61951 67966
46423 86758
78428 106778
789955 794934
43842 109228
17424 107718
19391 82915
48317 48088
37700 72862
510216 504483
833875 835109
24827 20511
354478 341478
59561 105943
29766 33302
24784 103332
758411 758246
17719 20749
223068 215873
43162 112638
28022 3292
63794 76522
71912 23416
64266 59360
91327 28818
102575 37920
31796 42575
15877 7829
504651 509207
92604 31978
58255 92999
24979 47367
83052 49004
385704 386340
598303 589660
120521 123723
94564 52075
134267 118518
35945 61258
112302 97508
79037 77177
91789 3152
165714 161740
94235 91777
9296 20185
109498 38129
50140 91490
109820 13210
48515 50446
103933 35815
111659 90846
79454 41121
345096 349432
82760 62658
66114 29547
759727 760454
32356 14664
47355 94483
75912 80936
87985 12257
1537 90877
54647 100621
34390 47239
106557 66313
470051 474212
98407 56240
203757 201644
321131 322084
79043 64063
41388 105518
93383 100224
43823 74789
16042 8720
54242 68738
200743 194024
921614 924375
48158 71314
90529 55068
109385 48536
41237 86390
7805 14955
96873 31395
126709 127763
115786 122946
18450 16081
94817 17049
641508 643470
46789 84493
24665 6884
738468 740082
73762 13879
118700 132873
41966 61018
89104 26978
21510 70545
53786 49866
39096 45868
348090 355010
279113 279105
40837 34378
26562 92445
61090 19295
38707 5502
5119 5102
188278 189090
146901 141591
810886 812779
24477 4273
105156 64805
38460 81009
217165 213304
55655 50619
455706 455339
46276 86273
86953 83215
145249 139141
15754 104037
106138 55843
26674 21565
127849 124670
74628 88547
13683 86996
54443 94438
121607 117565
673542 679273
74429 58079
791983 793453
87937 76005
57590 107221
85962 101750
111047 46407
45540 26125
58765 29660
110184 96176
895186 890221
795903 792330
32942 103140
542798 542583
178821 171378
16125 4169
599563 596553
61447 21250
475 93146
127753 131444
113133 32852
739723 745950
72723 21586
695109 696586
58947 81589
31106 98325
76487 75824
48319 42048
80797 48676
93898 37089
85135 48108
36861 6436
9134 84601
987795 989784
7023 45863
111934 99350
68300 100130
91436 43365
33399 92609
3827 104847
227131 227940
114662 118982
84809 48028
16634 51689
34186 51629
9635 23246
125828 117094
49782 22487
30114 75834
25166 8746
12168 10442
106203 82029
4539 109715
445785 442093
44632 5539
439918 443509
11141 39791
473388 476037
48148 23261
492147 492225
96765 85175
70087 28243
76816 50725
918 94602
113350 112792
73916 47171
40740 25904
598325 594552
59567 72330
57686 62882
22836 39655
83871 88033
22033 57406
965374 965413
199926 191541
20836 102336
87635 20977
44289 58432
329095 326582
34131 53513
50402 79064
69259 12945
60382 90847
96476 2965
705297 712273
601426 593306
66119 55672
34159 7576
312670 316018
541260 541339
461509 460317
54159 76583
87247 95887
271740 276018
348495 350696
92107 40918
75782 69322
104799 40417
333785 326790
110088 31858
101082 41932
366939 364681
98262 48078
112811 18893
93243 82228
497477 492561
20176 75555
96060 13449
34608 24677
42171 75000
264260 260984
207340 206214
336348 337830
43277 108594
63019 106855
357383 341655
78765 51633
414689 412293
521625 521779
347538 347696
40191 97648
89794 86144
532805 536610
33772 31943
112601 68827
393489 399685
315849 313555
701894 700828
62379 47488
12264 35471
7756 99741
111870 42551
264623 262908
463390 465593
79256 2541
396719 402212
75685 36779
219826 218529
27300 2411
234074 229649
315759 312034
6910 76207
147406 150371
76569 77422
77312 71559
44059 15170
674906 673091
24011 58819
3327 64003
98452 47271
734424 733796
30406 6987
81611 72011
79454 28060
53284 15528
185605 187493
511818 513862
68304 46391
49630 46533
454265 458775
14618 65547
111031 27641
23767 55519
55892 10396
96518 11179
766436 768693
114620 132690
20901 110959
57571 105587
6936 109970
109858 57062
615283 619216
703085 702003
636462 632657
95128 59121
234057 233768
382360 379021
53375 100900
115744 127924
18471 87971
23649 2053
31232 96387
238042 235988
6428 63855
59528 34718
61 38802
25560 47772
15373 57548
120069 126058
220127 225547
17708 12569
332999 336309
180073 175554
70606 23605
89287 51093
677497 678698
93471 39492
18513 39057
856317 855384
40102 96533
99762 21481
6038 71915
103934 11598
61112 8865
20931 36052
44045 18060
346991 354380
29718 40213
38237 35144
76829 45776
102268 110678
47106 69326
12307 88239
31698 33807
110238 112514
97785 25336
661582 664857
24794 112020
750402 750621
64723 18794
67619 54892
315697 311980
65535 56655
20956 22525
26904 91391
24769 61647
96541 3854
6170 52119
297841 300944
15015 93521
38563 75712
88671 33136
30329 18057
463327 462825
27287 62242
57406 82690
481432 481825
90555 65126
47119 79015
67273 86176
98541 70587
142526 142672
44431 96011
220642 223614
98897 24396
7368 110678
40023 94046
9898 54091
991698 989541
87455 51581
24149 2866
41085 36451
91463 41409
98204 67592
516063 512283
807884 808352
81646 6388
59251 62456
57244 95237
59925 2601
86791 44492
266879 260752
106080 85412
33573 76779
10445 16418
75527 84939
314929 318246
989271 989036
693106 691386
42743 75247
97566 44858
72132 23459
13250 110389
50541 30756
80121 46299
29805 85132
65334 70683
46142 73540
6632 110164
96566 68622
94989 88505
43081 93775
78077 112501
56275 38716
26627 316
68383 83654
63768 101734
41638 102343
7478 70917
173907 171886
58267 50469
77097 4951
439727 448899
909054 908814
18926 43913
60189 12435
57741 18290
95556 92558
39367 81314
238253 238320
51220 91923
17992 112272
71162 17704
87445 71315
5703 47056
60301 51980
51361 56106
741758 743463
414648 410815
179981 181541
578363 578659
34878 66487
352683 341067
112115 67560
1749 89984
2750 106509
90840 48746
477564 471082
259752 261816
671930 676478
101459 108975
761404 760184
289295 290478
50497 64724
56335 73747
64628 18931
195155 193242
28959 50324
14118 101013
92650 8285
72882 97689
482538 480539
550 9908
105375 78390
152493 156779
19986 106331
87364 75040
34722 80254
460773 466937
92167 108847
78903 22890
46934 100455
369485 370500
19913 69505
73004 511
71591 106297
675025 677169
322573 321813
98604 97160
182602 184325
74786 78267
13851 35379
109329 65714
51711 46793
25599 107877
94055 97468
110310 111324
103386 85301
43836 27169
67262 16862
11278 103025
521281 522497
26000 66823
406760 405937
112150 57580
26124 17235
552175 549338
37100 109133
593066 589534
108327 39818
87629 3299
29507 2645
474357 468753
86349 92535
367856 364153
592808 603015
43280 8361
238194 231332
62448 73466
90367 63255
102802 61840
8169 52894
82722 100253
6024 26433
76463 102212
188414 186403
29119 107148
954633 953986
43462 75596
16845 59301
381158 382096
596883 600843
22755 103802
30204 26826
86904 110371
2914 99066
27429 107163
932241 933757
16429 90967
8701 28242
72693 63644
109343 100482
56156 38015
99355 87668
68793 108357
30156 13896
56140 39671
68213 60033
73303 41964
885109 885762
16599 71057
86967 57271
58799 47625
48815 85843
428852 430434
68607 21359
99838 28885
443798 439973
99354 86210
9712 19891
103407 86660
46512 3707
668507 669011
41889 36758
64481 39869
34610 89487
410097 414075
70246 26640
332283 326838
2451 74761
410862 409901
411249 409987
365017 367265
839344 838886
452838 451417
975137 975656
55697 24347
60358 63148
32815 94525
301 18428
55410 20791
890165 898956
60182 90567
461495 462587
350872 352251
298476 299515
199825 195588
90656 99256
22670 10414
10934 20304
3852 53878
45219 97331
112259 39079
44980 15823
77189 10271
65124 77821
67444 95253
38122 104177
20375 27735
104761 59964
198294 201296
467584 474642
109629 47782
899862 890785
99800 105833
111302 43761
169292 168657
62533 77102
547645 550542
10063 53276
683691 682322
104681 52116
587 27651
34743 46169
449565 449961
237759 237023
36193 42538
653238 652224
91022 11862
96721 86887
315850 316538
264462 265452
476962 469269
59651 2173
27573 65445
92128 15706
144372 142130
170140 181157
40523 68359
94122 8081
514357 513189
274896 275296
52286 84532
477118 467631
101983 72841
17199 77543
64876 49920
50069 20976
101541 53065
467450 471117
125501 126208
877595 876390
15358 68439
74006 87131
104157 43276
339703 327151
80287 110981
9678 103024
440858 450054
337075 331346
35193 102436
88323 69855
33169 59899
406 38810
380668 382570
302331 298180
93132 38367
1768 28869
32312 47961
429907 427426
182766 179358
74542 20935
143202 142477
89671 12405
455686 455361
50968 9477
87938 16924
142873 148186
76008 104007
69737 105318
35403 112429
79999 50202
502175 499641
100559 71869
447897 439871
74100 47380
49431 108232
34670 37482
84823 23863
98059 58329
13874 31520
89655 89480
89626 33345
85832 48893
