1 1
1 2
9 9
999999 999999
163890 22528
178470 53507
21645 126490
76370 57614
45497 120960
173800 130562
181623 94659
32725 16816
11951 38276
133569 142543
109466 129197
26742 113116
146825 173343
169579 163110
1566 32222
171101 3703
57209 165455
8296 149571
7184 195205
116165 1018
131579 169032
180043 6316
23131 29554
184181 12767
71661 151433
80629 34101
147216 181127
154469 107370
186831 94040
42614 40399
44101 188396
70202 130066
79636 17662
12866 78498
195867 3172
172203 45382
51697 43797
73350 152245
81363 191179
142611 173882
7982 153024
50502 23239
46960 155197
165589 121322
161721 150142
138537 8202
54619 5821
23482 8739
3588 134255
53778 152700
198081 199454
43250 142332
10929 49778
157308 32952
6833 8643
78018 99919
39509 14815
86363 128519
166193 2821
69314 51951
176504 127913
50085 7851
132941 31123
81729 189919
142618 52880
168685 51858
194189 140698
106827 128286
161237 5117
13760 64135
80405 84422
15588 91777
136648 36265
155437 101950
153901 102840
147104 24751
148953 46756
194230 197188
103458 198245
51124 75958
127815 46075
103125 19808
148093 38356
159824 126303
106789 109330
110103 173583
181712 187193
139810 125690
27639 34711
137550 95246
36348 97891
144647 1005
114544 185300
183544 55228
131186 18002
180428 34667
170826 175352
130059 83552
126207 118919
144600 89883
179817 32995
136540 54702
180391 161528
112590 76349
87946 8029
22272 50139
167495 124294
25945 83270
138497 82039
100040 125841
76859 69682
161386 80467
80371 47685
166603 91444
181326 6577
155923 27554
82255 77495
39022 92462
168810 178997
103377 151612
118102 56756
97401 125648
8917 85597
167635 39697
165537 147414
133447 184026
180844 42396
6432 11184
102628 61214
184142 89386
116939 305
77799 140065
32526 115545
94541 33173
101136 117688
90795 197917
123565 135589
21185 188195
27891 48833
196246 105171
5548 109780
152175 46045
57228 186392
47605 74958
164343 76207
192864 148099
88163 81281
196825 187014
136538 37040
154727 7717
5633 37673
173262 45521
150067 45549
94382 110798
132321 94310
4089 6979
53023 137868
124259 72615
147572 26603
102809 88216
36314 111914
109546 95672
199038 40828
77867 22722
30438 135575
173248 148946
110818 152422
114323 62861
90010 60885
71546 125056
132034 22330
76550 191986
64600 101409
44363 808
5375 128523
156788 147171
159195 41688
198867 182685
5406 158232
10158 193086
142031 152195
104616 183405
162617 169200
146436 18938
143993 52627
74956 17981
9966 192379
10139 67857
68665 190917
119439 54501
118023 74039
32079 192578
175262 193569
68152 147297
140382 180667
132861 78310
178066 198764
167964 153829
89118 57035
109661 114399
132380 149463
58193 100968
168825 58697
49614 68331
39183 153841
144231 169052
161630 73557
67126 176309
123606 136891
33910 51629
129938 180339
179103 83122
36950 24356
81390 63418
177816 126068
75530 107402
8369 26547
85244 133722
118404 93545
47385 134857
20260 73938
147494 191616
84276 98241
35132 130971
182600 124233
104572 185393
68514 28889
169596 83674
63443 105464
147883 50985
158386 41258
67805 139764
189837 83107
176651 69400
4256 24592
98529 24036
15651 140867
39108 162374
93345 99926
24159 190591
175983 192296
21184 45082
45107 44496
66311 190780
158116 108549
149806 130545
186660 116502
199608 133962
3361 176496
1087 92610
116645 123968
64835 15967
178341 48647
64925 103942
94532 71685
63980 5435
50516 186866
31361 1515
108646 95622
4170 14024
60920 66762
99615 70327
120641 47580
24075 15574
108183 40353
164321 141514
157480 141180
189826 145507
165800 52172
123856 54750
60184 60331
163548 104187
22054 110699
122672 194908
125283 130699
113812 126841
113520 186203
33782 129778
145351 34160
74512 174208
32073 169886
111065 155184
100690 189553
41724 100890
155640 66489
43171 81932
102470 132175
42874 6718
117978 124523
171574 81897
8738 159612
145814 1737
131515 38609
189120 95947
186507 193217
163102 63631
135167 18579
124483 74166
91408 152208
135049 82559
80842 163399
95573 94571
101289 183311
24186 54798
136695 135618
11581 112111
113847 61784
100392 157395
169693 45361
38578 89511
69493 156199
91130 118031
192197 121011
73219 15612
98170 199956
163354 8267
102837 179011
78674 58926
113724 120477
172446 102859
14969 166770
28553 184027
57773 45167
6880 45296
134806 27465
100016 45457
79839 120650
41661 191145
123108 188387
188342 114879
39497 137630
32992 151695
10621 142333
179162 111665
130875 40696
7465 151607
135633 62195
107362 152369
197664 193405
137222 114241
76049 48821
169470 37237
144733 155887
144274 127482
158712 184192
121821 132615
662 198208
56893 154813
182829 11282
168329 36054
187660 113704
92250 175793
44513 123293
33049 199611
30203 42176
90996 170270
123858 106251
178490 176817
20651 68590
52782 39115
88081 179362
93922 90954
162118 88742
16375 150814
103219 144947
175002 184703
76847 90878
130522 67251
183214 121359
79886 79923
50192 13416
36019 170881
64050 174050
158991 14508
53622 84700
64061 128124
19078 141702
146796 74334
25147 181195
42493 163170
64225 44717
135595 17494
1097 57423
178782 182468
62390 184310
114077 58667
145900 28934
119335 150095
80954 9949
11000 78325
6449 50927
108981 75060
65746 141878
123072 55776
135297 7244
51961 165565
99410 199521
56944 187555
86374 16858
1167 152077
127095 65116
94049 31596
181690 72994
199294 13383
8059 178996
29922 10293
1705 130859
72736 138902
194677 67450
191045 112160
77724 46326
45846 43005
146911 93485
110343 19141
171217 33285
14752 27861
59456 14664
87657 25152
154886 157498
52845 3303
129947 162944
93803 82766
138020 48003
31804 166538
78697 132696
95373 22849
65853 72772
82609 141219
160359 12764
162400 109303
137163 47928
62591 177151
2302 112971
186820 66599
186253 73539
36482 39664
122429 116200
164202 46636
129526 60448
109496 112358
135206 124574
197346 4868
62438 1058
130173 196306
105608 139149
187076 92572
186074 159122
72092 49666
32616 188375
178265 175263
14926 18869
135068 14747
177734 53707
114154 15621
127978 107259
31833 140001
61221 63183
180593 145530
141835 123658
179158 110765
119689 163794
122915 166233
132250 105762
10489 111359
86621 164866
100086 188753
119851 17899
71605 35153
167125 97585
4843 102110
42111 95103
74637 153027
98556 19683
59692 171581
198698 156742
36887 38850
121434 118386
24147 76154
187512 53684
134901 34635
139740 190484
8382 34986
186490 59590
157174 79986
98448 153614
165068 78369
31395 140558
76592 156057
127637 129951
3044 136283
91484 126334
44719 39931
116084 12918
66601 185218
136204 19947
10430 1501
152838 75943
51885 135164
131501 139327
92940 9058
87426 29948
86857 174360
130416 35173
165123 79800
16083 58052
100738 84518
124448 23918
36835 61808
47025 40531
176829 103435
21287 99581
91875 103611
38774 90476
29802 143759
152817 86626
32926 39094
13453 156594
191766 36134
115934 143868
118271 73240
157758 48368
72285 19008
80816 198557
155440 109120
128906 44192
143772 132268
35878 66545
157020 35647
179405 191003
193981 186822
142267 48573
121519 26906
63039 155719
15938 29636
102876 95324
143691 50560
69568 176985
175541 15976
41447 66735
27278 130980
63248 170352
36896 87402
123048 15477
6480 110268
97089 18804
183729 116812
143717 155707
111425 21599
51234 123107
18431 43714
94273 154109
47445 78473
10800 80192
63278 22986
153965 52246
138950 90556
177957 133564
149041 92197
2464 17356
152511 71872
188683 15904
171610 136239
74189 132399
171857 199386
159451 125423
195883 106639
101464 53724
133915 43328
66313 112263
80861 197193
4100 136629
70193 136162
28358 182056
199411 19233
91104 147174
79429 151921
4512 196138
44888 167391
83128 78700
120474 16744
39735 42579
96302 116357
159684 141198
53460 146568
60112 25996
78976 50672
186833 64211
162618 149168
168400 131543
195068 78380
146653 175855
171992 74496
158238 151164
146215 16879
149975 41366
83944 66689
99397 189709
47258 96597
43164 59080
1427 100717
67741 19628
83838 80402
145922 170925
102467 162808
41187 30673
6528 13886
4734 187839
55354 94871
28102 162971
4336 1569
184609 94428
84136 4631
101227 357
175788 131393
148461 144391
80370 177214
173967 132553
103478 164207
127014 119888
150561 122296
136182 84553
72391 73440
84662 140915
20237 127745
45665 29115
123542 24573
29203 146625
146981 124029
171773 46782
107524 122768
16333 36586
169138 187893
152099 106651
26539 188967
27615 195465
80017 93451
83242 80148
137414 68759
196503 167903
113370 157650
98574 158519
105143 36911
77292 44129
90910 52123
91242 49064
85649 198433
186325 107574
130577 171139
76457 54775
166591 73467
166917 104071
184218 162959
31718 166510
50764 121631
195633 144572
103091 164133
117396 94206
138334 8233
176708 194687
43750 29243
144027 184301
91875 45751
133241 130351
185126 138803
12269 9697
30120 68068
31027 179185
62046 14337
52320 179096
123667 112809
76942 47952
142157 26757
34990 110689
105375 196843
26085 128049
112349 65476
27578 170112
16814 120575
59377 160818
86867 118291
186359 71645
167181 116986
47674 133737
112832 29226
58387 16345
64296 36498
63255 135328
162368 122805
119647 14596
58996 67742
133217 62083
148546 171344
8271 160795
37964 81712
2 67647
55644 124830
158167 102712
36448 22824
168402 5841
138537 149279
102129 26788
78467 2833
41989 165383
96330 40834
108575 161635
140069 155325
43020 158143
35289 88615
86678 51290
35289 73253
114434 86679
189391 90932
30107 72601
194793 142190
91469 198508
141647 133329
52513 193597
75331 20113
60946 94501
172487 88012
159688 85872
160367 112556
117522 2707
170349 195655
185259 4199
7229 121989
129272 99693
88645 196619
55161 159378
74238 199789
49469 146629
56577 15884
152349 101982
112834 48259
136270 129646
15518 85321
114228 95957
15015 175884
87890 31749
152299 101715
23703 73149
172841 159527
72498 152974
28704 61485
177625 127658
190638 102941
35176 27093
129074 163566
11824 187524
117170 41908
43580 148093
160401 49039
141274 157807
105907 175415
77130 29163
102311 174557
50435 17184
86510 191503
169339 39284
166941 115213
134505 146963
174056 73930
37495 169680
73556 19481
177740 49318
113762 107077
72467 21319
95477 74162
49577 13740
159254 117735
92291 43058
176593 177917
169419 142726
182009 63102
178314 55110
2072 65302
55583 29170
115202 92479
111960 93078
58747 188757
12185 89699
27370 172509
46670 84651
14742 122846
40581 12598
172007 90347
68263 49223
108300 148600
11701 154034
9143 6661
188314 106367
135536 11214
20045 43896
53325 50737
155845 132004
138054 112072
932 168029
169031 165423
4621 163953
92903 100124
190471 45201
10775 64909
13508 58733
12766 119075
125735 141561
47927 138260
149474 114048
74295 99814
150551 85870
17873 127620
156043 22747
107128 72278
37701 73326
37278 76158
92634 42321
3873 130180
111441 83104
58188 130999
50073 41300
182860 187306
125565 92159
122558 147138
46952 191390
77259 196853
124472 113854
136600 11483
83761 196866
70191 43727
36237 121461
80133 107468
154000 128870
128325 357
131355 65440
23091 102864
90169 97780
189938 122303
69440 15734
123475 112496
109348 32743
62948 734
128568 150171
147036 199548
159626 12328
50140 133578
157397 112214
41083 46624
46980 111396
93187 85759
188623 94687
192466 116278
38580 78791
10876 98755
127602 24371
173466 50703
51436 36949
103471 36413
152312 180003
108683 166858
16787 111938
24151 158822
5446 174184
1931 181586
67344 168777
63463 95118
127747 172318
167461 172280
71035 82678
23400 94688
145390 198636
151937 196865
33278 196825
93180 171759
54969 101941
13878 118214
77035 71755
45938 154381
52318 198832
167609 47869
59338 36013
8331 31071
119703 187084
186113 175791
70478 190737
105724 9512
122729 132220
45396 174012
145771 72358
174298 138575
173140 739
72493 188176
58908 50175
49006 118431
82651 111225
147237 132966
80389 141988
45423 71919
47709 91
190827 31535
157398 34539
166758 12902
186914 80126
152483 12153
67080 132684
49774 43133
147660 40219
6745 122266
157048 6567
34143 172103
105068 39698
181685 181379
53298 185456
185546 27107
174993 17358
168248 92724
21978 132391
128868 51357
179862 8891
57926 197703
40835 163293
119863 107699
146316 188494
111412 126608
15062 103364
143061 145554
43284 36481
21937 41098
184556 12933
146643 123834
132910 159549
91939 114890
82599 154887
80129 137158
134860 178812
142104 138054
45752 92046
80539 178318
21277 192067
11782 108302
53855 36338
72819 71195
112292 13491
26423 11107
51292 96847
172747 173065
4307 184201
55439 181037
118195 86905
65716 135567
73620 53054
61452 124171
102488 35723
144142 58342
166644 123765
76454 72275
143469 136850
150340 149272
76730 172112
185311 176763
149827 128022
112222 158057
139094 154133
157389 84013
19579 57288
26693 23104
63626 9551
161625 88144
146486 166114
6230 22118
94393 29481
166330 82683
148307 37861
126325 116670
9784 25036
69409 111635
69691 75962
146447 97983
181995 125136
182423 103835
43291 117925
43827 125468
13611 106916
189381 5452
143921 76448
105928 195610
194645 38313
192526 188610
21631 59303
690 118850
30484 31414
107375 70099
168081 100174
25310 53821
74008 150075
184351 124084
49551 117298
140565 28178
149981 179514
172313 129946
41907 93901
132214 194593
