2437 4836
6882 1520
4987 7781
6167 1734
8785 4775
6364 2850
666 8804
1810 7783
8733 2829
7968 1506
7849 8009
5560 4944
5662 8424
2823 5803
6440 3392
6867 4751
9918 690
1515 6568
8548 9259
3887 6060
7460 9427
7558 3294
9223 2339
357 8614
4249 2707
7872 7220
5328 8363
8876 4357
6631 8006
7263 1797
9191 4821
6311 9536
1678 7645
6295 5111
6505 6039
4791 6985
8869 5140
1914 410
6174 5790
913 5368
9536 4377
8590 5748
2566 3025
8590 2533
560 9712
1630 3344
9293 3517
3944 952
119 2687
5089 6043
780 8543
4798 6696
9393 3068
3116 8868
4683 118
473 7194
2403 1566
8722 2121
5261 9691
172 6009
3563 8222
8697 7601
8438 444
1390 7133
2941 8003
2452 9508
8508 6176
9106 3320
6310 2736
6194 8955
5725 7711
7839 6264
8849 293
3215 6471
3345 67
7422 1095
5671 5110
7924 5428
2761 1209
6350 4965
8395 4895
7419 3380
4004 2017
9479 1930
7369 8094
8205 1166
5160 1022
6151 9254
1263 9021
7959 760
7513 1225
6578 6574
9914 429
9681 905
5669 8191
3205 6211
2516 6591
1890 8351
9804 8227
2737 5209
2342 3282
129 1263
616 7915
3430 7966
597 1704
3286 5436
8240 5040
8962 5624
3902 4874
3787 264
3116 485
8641 5132
3910 5457
5424 4105
8501 3447
8837 9495
9773 5320
5908 8914
3119 9297
5468 8742
6132 7678
1535 6901
6813 9839
6102 8524
1957 9991
1361 4211
7384 1306
1065 2308
4258 3131
5841 8303
7675 6928
5645 8471
9053 9780
7186 9110
9355 8349
4601 6939
8622 7074
6319 7831
2602 1200
9599 2470
8775 7439
7365 2993
1614 595
9395 7289
4798 6175
7319 3396
9861 4840
5761 687
9381 8350
2753 5465
7720 2773
581 6419
7548 2147
965 3710
9860 723
4295 3600
4908 7605
2951 4422
6095 1386
8753 685
6649 1786
8356 6639
7830 5190
9845 1676
993 529
372 6490
2452 9301
6936 22
3080 4415
5556 2503
8985 2893
9479 6440
1522 3852
8081 83
8502 1811
8485 2439
6531 1484
6092 9054
4650 49
8615 2696
10 2822
5205 8698
2192 8618
6930 7292
6430 3838
6882 5133
1089 3778
5241 1642
4226 9
1787 8527
6810 7739
9438 8116
9373 9359
791 6997
328 194
9981 3917
4476 3871
8732 713
4804 6733
8862 8746
4926 6026
404 5021
9843 4802
9578 9080
6012 1588
7333 1811
9260 6497
297 4199
5743 2517
5238 1477
6065 7870
4663 6884
8517 3248
1659 2435
2138 4496
5435 6978
8238 6388
8421 1203
5821 1493
9231 5100
4808 4711
2400 1098
6812 7311
4270 4350
3065 7039
5613 600
9557 8623
7104 7988
3540 8468
3274 6123
3392 6524
836 8803
5166 1151
7800 5534
7492 2796
9890 100
162 9840
4006 9488
1529 1268
3589 4583
4289 6634
1078 5646
9882 3670
2192 4478
7817 594
8199 9462
9681 2038
7971 1564
8872 8281
5019 2282
9904 3849
5177 352
9306 9090
8085 8473
8773 1818
2340 1110
1584 5371
9983 3044
858 3114
2699 3442
4203 1345
4641 423
403 3380
6496 6299
9943 5210
7667 5789
5351 5620
8414 4935
4512 4427
5341 9102
4144 1082
1105 4954
4602 3014
2627 3120
9220 768
1136 5568
9418 4866
5047 8068
8517 9985
1882 9521
4150 2026
6062 1534
796 8527
41 1585
4235 2121
6429 2294
3464 9132
7930 4238
2237 2531
5997 9420
6502 4186
3552 5875
4887 6312
4383 5718
7656 5532
2686 7165
9960 8420
8828 449
2036 3702
9504 7668
9264 4549
8352 4595
6163 9398
5116 542
7899 5542
2188 4733
5685 8811
7996 6823
2829 701
8006 7709
4472 1583
2799 7335
1465 9979
6383 4821
8079 5632
2758 9540
4533 427
5065 7247
1610 4275
6349 3417
5190 4968
9197 9775
4034 8518
8344 2767
8715 4647
608 7707
8132 877
9267 3080
7307 9257
1911 9360
5902 8593
3640 4642
69 5096
6330 6787
2828 565
8409 6070
4217 5515
4118 4878
396 2034
9560 2321
6516 8414
5416 7767
8690 9725
7632 9986
4405 3565
5984 9931
6644 7646
9766 6374
3 826
8485 3387
2607 1404
8513 5849
842 9834
1180 8949
1060 2495
7339 3840
3660 5122
678 6499
4244 4388
7061 4452
7251 6508
1426 5545
2748 3264
5046 2092
1790 6073
3073 5674
8594 2092
7283 8185
6292 2823
5430 9424
2059 6169
2734 8153
9961 3872
680 7625
1029 2204
5242 6243
6994 1498
8492 7504
9333 9996
2085 4777
9239 5724
747 911
7984 1065
7918 9715
6033 9107
3809 3249
2229 6611
2769 4312
5310 6015
6884 5329
4202 1464
8967 8217
4801 949
9070 6563
5709 3239
904 2706
7651 8081
7656 3660
2406 7034
1003 6505
5632 8725
6950 3440
970 2736
6380 7953
3804 4276
8899 9350
3999 5208
441 9987
8798 6932
8186 2183
2303 3949
1555 1266
2995 7875
9356 3841
2808 3909
8828 1560
439 6410
70 5115
7525 9382
4556 1163
3576 6141
5145 7340
6295 6786
1685 4832
1071 9764
95 718
5408 2552
5951 2683
828 1527
8642 5701
783 6058
5939 3568
9578 9047
7396 6550
9291 5431
8765 5325
6978 8841
2565 2743
1831 5059
43 8334
6745 2062
8248 869
5431 2569
5555 7083
9733 919
2201 2434
3271 3936
1076 6060
2414 2863
590 4210
5698 609
534 8350
308 15
1420 1091
8762 6069
6146 868
9203 3185
5559 2648
6236 1933
876 7040
978 3466
2949 7115
8365 5290
1062 6863
6848 6361
8738 9555
6359 4791
5170 5658
8612 8697
9379 6411
6607 37
3078 2841
9916 3688
5245 6572
8232 6817
6262 2715
6554 6200
7525 8512
7820 2623
7966 3347
8660 3790
420 1532
2969 7070
4631 4416
3821 9510
4098 2989
1688 400
8267 9403
5965 701
1713 7138
8397 3745
4304 3177
1847 2811
2434 8208
7387 7215
1408 2995
8271 9095
7582 3843
1019 5588
3299 9315
5433 1822
1139 3167
9468 2154
1639 8677
3849 9126
5139 6022
1898 5861
1549 7287
5200 621
9794 8229
4871 1606
6543 9643
8082 7040
2237 6116
3422 9971
7644 5290
938 5604
5870 2401
883 8308
20 5140
7149 4231
2485 7458
6636 1799
4306 376
3241 4443
1588 3170
9080 8857
7570 4899
339 5762
2818 2092
2378 5159
5410 6419
5741 1709
973 555
8634 4867
6615 7800
8851 916
1271 2996
3995 4983
8358 6276
819 5916
6373 7160
8466 4712
7167 9847
265 9959
875 3838
3605 4797
8396 9354
6398 3193
9568 8335
4230 5951
7924 9052
6850 7237
1799 7799
9847 6120
2304 1072
8099 294
452 6187
470 2706
8209 5704
5461 5819
1530 7235
6746 8055
3226 5911
3987 6032
3921 6496
7742 9355
2918 5195
2495 3014
9512 7320
8923 8973
6403 5417
4636 7253
6041 378
6226 2813
6392 7477
4922 824
6522 5869
5397 2514
6921 9008
9111 4934
6615 7213
5952 5053
5295 3635
900 8518
5226 5273
6416 2024
7102 2816
5708 113
8407 5920
4181 7580
5305 1220
805 5780
7103 874
4578 4146
7706 6442
6727 9766
6570 8982
9020 1314
2807 7371
581 1524
5246 4074
8301 3391
9298 656
481 3447
6352 3454
6503 940
1132 597
9571 3585
1421 3085
6304 4878
9456 2200
6984 4963
1574 1409
8415 7728
5938 8796
561 3855
6046 2727
125 5212
632 4643
2561 379
8498 2382
8472 7427
9694 9702
7623 3790
6985 2636
4530 3816
8858 3917
3272 3146
9762 2087
3759 6418
5556 4629
1017 8908
5213 223
4668 6025
6143 7598
5262 7643
3777 2065
6202 1892
3809 6250
5045 8463
7049 3247
4964 9025
6509 7421
4913 1203
4141 7247
322 2361
5929 1616
6307 7224
4968 1391
4908 1803
569 9899
3948 2686
8549 2380
5475 9335
2296 5830
9646 5863
7645 334
3275 6077
3551 3295
7680 3868
4262 7067
7383 4203
6720 5657
8353 4430
5167 7894
1466 2769
7606 8447
3808 9940
10000 5407
7897 3308
2824 3701
9522 3488
895 4496
5038 8951
3019 7404
7786 1253
8574 4830
8573 4642
1330 1403
4311 1027
1123 4167
5344 849
3258 2513
2004 666
7203 8682
1030 2384
4914 3030
4616 3726
2148 3881
9715 9862
9848 2905
6852 7373
593 3932
2713 3745
7590 7003
7964 1139
1333 4351
5279 3771
691 3192
5694 5752
2097 9764
4279 3210
8011 2964
807 2129
8916 4088
8107 4900
5653 3106
7939 1714
7933 510
1064 5733
2833 5616
5596 1117
4303 2110
717 6144
6492 2488
3018 3367
2322 5163
1491 2370
579 9783
2216 4539
8961 2464
6413 6737
5568 5150
2406 996
9616 7822
2600 5309
8683 9183
6776 9323
5240 6756
9166 5966
5406 2675
9406 7479
5581 7557
9851 6422
1760 9430
6778 2892
5289 5244
7285 5625
845 538
741 8710
2806 6185
6011 6470
9190 3254
3532 8315
5289 8342
9678 6585
4275 4656
3157 7459
8083 4240
7604 1310
8571 3531
6057 4097
3091 5017
780 1364
3191 7629
714 5856
9811 4458
429 4020
9793 5979
6366 3434
5179 9005
7041 3629
1653 9969
4487 5652
3286 5919
6056 9995
4928 4154
8141 940
6473 3124
3509 3271
3652 8221
4957 8102
270 1880
7417 5594
8108 1460
125 6565
6065 5085
2316 3588
3809 6683
2915 3161
1499 8003
12 8258
9112 4859
7315 3732
7538 3634
2742 9603
6396 6069
192 4589
7728 2726
8422 823
6736 4650
6915 8535
4842 2494
3815 3650
7667 3648
7280 5868
347 3670
3985 7162
7012 2809
8138 4144
7993 8836
2166 3180
4017 6053
8023 2476
9464 6048
42 5920
9151 674
3828 1713
3369 4577
6715 480
9700 8671
3059 9649
7410 5539
7116 5377
5380 6688
613 3623
7299 4041
9063 610
5714 8561
2777 1044
5104 6696
6130 5220
4275 8584
2216 7847
9130 184
1537 4663
9659 5525
2100 1947
5427 2932
2692 6298
6408 5633
5075 611
3808 1657
8665 7825
1124 6679
2326 8089
7123 4368
2187 1185
4418 6510
6743 4088
2187 814
6298 2746
9512 993
3546 1055
6702 1147
5707 4245
7607 2029
6826 5049
2115 8846
7939 792
1078 3667
2866 1335
6487 1818
7535 6992
3166 8442
1104 1209
7976 8721
7254 8367
2321 9967
602 2347
5935 6315
805 4423
4209 3600
4512 4387
6625 8638
8321 8378
6840 5396
3062 2460
3777 3839
566 5658
9782 4327
9494 2067
2909 7106
3360 5145
9887 1079
3708 6462
7742 2021
5765 4356
3870 9912
458 652
6909 8773
2145 483
8124 2660
7856 9026
1338 8737
3847 2868
6617 8958
9341 9185
7576 7354
5865 7911
9255 4592
9899 8413
2665 3981
8648 8517
2308 694
8583 5781
291 2896
9039 7115
5323 2752
5697 4018
2358 2016
993 6880
4016 2482
4371 3171
4675 7670
5480 3054
3683 9788
3749 9629
1455 8383
8567 7064
7421 5328
4238 9880
592 4412
6975 7498
8225 3089
7784 6679
3360 7253
8934 8032
1630 9020
3215 9166
9279 2339
7223 5778
1160 631
5408 4034
3367 8237
5196 6784
8941 6960
9198 255
7672 3439
4995 4083
9824 6125
4382 5443
3012 2985
9593 9384
6790 1170
4435 5974
2490 238
2787 1803
6054 1885
8130 741
1912 5895
5710 5184
5885 7682
4310 6058
6067 9064
9633 2118
4870 3673
9162 6747
2887 8714
5654 4726
7224 2104
4622 1244
3681 5491
7856 9862
35 1153
6840 4081
168 1392
762 7310
5427 5152
4712 720
4458 5688
1609 8738
5539 4714
9727 7381
2844 5191
2022 436
7724 9364
4600 3750
2033 7866
3720 3290
4742 3170
318 9902
9859 6456
9206 6145
8141 4418
4459 3142
2094 1560
9272 9876
5084 6982
4495 1435
5262 5992
2967 5095
207 19
8232 554
6868 9998
1223 95
7302 9771
8216 9993
3450 9588
960 6951
443 6649
7391 2156
2404 75
6331 1805
3201 7137
5885 2920
1269 128
6523 4720