121602 40315
174830 198508
47385 93821
142163 25686
173737 176323
142295 185390
194174 136998
147144 104307
81943 118460
188778 53633
160199 43355
154865 146791
86850 65974
153262 78186
195362 155631
6854 32006
11224 134337
35655 164454
4295 58734
144003 137468
192326 52018
43792 78256
77771 19192
158911 12137
25175 36441
139183 80036
33251 176674
61122 160032
133144 64803
52298 144539
110308 62024
196435 35511
116357 168861
75017 73634
178762 73400
163115 128375
101539 12802
169488 26154
112791 5580
118831 83959
190652 171054
10550 98017
173938 105376
160802 76508
109593 23571
95249 121794
140387 28931
36977 85130
12792 31251
199094 118569
148065 70165
160695 58742
87142 14037
79717 66030
36733 23509
143749 26526
159219 74006
49529 129496
172938 147884
55385 149288
79812 98663
119510 164550
108699 64872
59005 13440
184994 154687
142451 168157
179928 182262
33706 57411
169795 54616
74640 40953
187198 135862
65979 166649
57402 33991
121593 135934
126043 192947
73078 79343
117385 86422
11856 62097
81160 44159
151586 10600
38364 54633
168810 103424
65077 36527
161708 55427
180721 62972
117524 154696
94026 123295
117321 18752
26605 107511
13092 168834
156311 54908
84094 173635
45225 173972
44096 109483
96032 38186
145926 176075
187435 104444
20695 174751
57762 34693
15205 126043
78848 151724
134665 170954
187516 5071
75867 163524
2249 53577
78999 142974
4347 176174
176585 19330
84052 13095
31024 189367
186020 107609
18430 189705
4519 122875
191553 45317
146181 176527
172674 191051
166152 12285
161523 22504
23720 127410
133211 74282
7695 163065
38317 40479
29034 353
97101 56737
159057 189340
61821 133449
59352 198161
108844 182792
187235 90196
65142 134913
107462 161009
139756 67684
54961 23768
73674 21301
11158 143619
44049 78514
152051 19159
145331 89705
93138 66758
64216 198929
3733 109770
164651 194891
136384 15666
56723 197566
30950 21691
171329 192986
124977 72321
5338 32989
108778 176370
116979 42847
185894 124565
137076 136206
105096 184338
1906 49011
57432 193885
167479 140572
184202 110936
162855 59883
121250 75020
92142 148946
73335 181200
15247 127131
172209 174306
130192 18432
102503 33643
78667 189051
151998 109122
98284 111601
104126 41925
199757 12984
174110 44347
175946 46383
114465 84100
135340 77803
83460 169321
142460 187241
150721 50645
35940 39650
134425 25704
6081 115475
109160 101110
64430 160306
10395 35621
39927 145971
110391 105508
69036 132803
106829 176871
114781 59996
62260 177290
66667 36405
14142 185688
182694 193245
98545 145473
67276 110410
24638 77344
130749 105782
40407 35568
66762 199090
8821 118298
38796 195929
158481 12253
22879 189940
165315 142310
77289 128335
148808 15799
174173 60534
130302 84977
117178 162369
101482 165409
120152 74847
9680 91143
143878 171713
107708 33628
79689 85807
146575 120758
155687 64931
70936 116415
106647 77641
155365 148761
189658 57078
115533 187893
57708 134088
150005 134199
155295 151323
180783 184001
132262 75446
25604 81470
134606 182403
192292 75138
170002 34660
71155 147267
95107 50042
20042 140725
92032 104348
2125 168449
100220 86862
19929 1704
49650 26494
24383 186431
103931 42518
86644 157800
58064 119899
159342 108253
163166 124964
139060 158115
46691 45144
132294 32496
51011 55765
107377 197553
50467 181372
40640 53152
197497 35617
79151 23360
169551 84511
72366 102275
152353 139967
78876 171784
63068 110826
181162 161253
166799 124360
113188 146430
150114 82845
158715 86820
14329 95504
104788 171254
126786 147386
150228 43512
146825 103192
32886 134690
167657 88115
1115 164456
105824 47901
57967 196760
138099 77464
42527 102554
125206 93054
61748 8437
102619 194589
175275 85754
44222 107095
52299 73818
133730 197595
129529 186262
105141 34963
137504 163556
135824 110377
42888 150032
138424 81287
64571 192959
123729 4913
162565 24235
16511 183171
10295 56536
1245 185684
171036 196067
10211 168723
181811 2365
160050 10100
105345 122890
150039 71535
143067 58924
45076 170105
26517 188460
114807 21829
6791 139708
148804 83179
18909 50945
188824 71964
108655 45782
150991 27452
69408 179514
87172 56947
142500 33198
88216 199035
164817 86166
120211 30918
166627 15903
24147 186051
171941 183829
58227 111756
174708 148892
178892 92453
109671 179825
125183 45569
189618 189783
35856 186237
87426 26604
40321 177768
142875 76810
6836 126128
121012 161880
48368 197204
179982 103596
174708 136676
188725 163170
114803 95167
119148 126667
171573 98786
187912 42618
155677 74618
22606 82142
179255 73935
141448 164844
188503 96583
48305 38322
55543 153086
143021 96251
158085 169813
126222 123280
155434 45647
111186 35691
186892 28387
100762 54889
166242 16874
139214 167341
136994 181761
80031 96961
39136 35907
62903 102311
103526 146971
180754 129154
53891 148865
163236 176008
146339 42379
23074 29674
3288 36695
144107 192335
49831 80268
105688 100716
7199 173006
41072 169445
139580 136362
29658 65253
70956 91132
93961 65434
163988 167265
109511 45633
2124 157951
173467 150364
120732 120783
133037 79103
95195 7248
34853 104571
147647 43327
13793 60230
84408 104955
36835 187883
128285 6224
33941 142998
139361 177865
112148 94146
191931 44610
168982 179132
66491 188345
5207 170001
170575 52962
35801 52640
150966 183521
147707 180640
140698 114556
115671 117545
142061 8530
165781 12144
152633 114914
84260 142986
120415 103788
8539 137960
163239 40598
40803 62437
116336 157763
148007 96792
164801 142551
24074 183873
165566 119560
42604 170931
95712 128048
146715 64944
103988 41586
198194 69477
1828 1213
48908 20511
143771 14209
42700 133899
181840 188352
72566 174273
182429 102760
182909 99809
112283 86300
117562 180437
130552 31856
43400 14518
183878 101139
132514 166108
192628 39165
13397 152076
71752 73855
77859 65107
100539 41313
43571 152871
38820 12829
98887 170227
112416 113092
85013 8921
155853 102424
65330 964
103362 47566
102958 165903
62081 44548
174786 35108
87947 169041
101759 32686
166555 183424
197818 76940
86654 158644
32568 9027
188901 44213
53991 71061
103551 182170
46714 12457
197159 48054
189113 123710
68459 11664
158861 36264
159121 95175
116685 16549
123050 616
6162 196893
133717 110281
7452 11734
189999 175365
147780 175556
105848 67263
31033 54047
143828 170630
152650 54022
12305 104535
9061 78591
108026 20998
86286 131578
75677 99025
198558 15046
135482 163053
195650 23931
4771 180717
93216 90015
63987 181842
168607 111149
194621 407
141048 164107
5180 17387
27532 105230
97018 197663
147349 172704
142197 15787
183777 165652
3463 92302
42930 182691
45350 144370
13676 131241
104708 144838
184811 108908
126142 3585
55632 289
28523 100943
32108 34385
112261 175958
166157 62824
138898 35135
199639 172540
183089 172071
156444 107316
73274 90745
110707 96508
173503 74138
170296 36853
22507 14414
33773 153656
156898 193172
148475 98828
117501 168973
9610 162561
128289 91973
122522 30428
198263 55503
197589 101520
8897 43781
165143 64605
106168 43962
22400 109311
192646 98027
156727 47874
145701 102344
21602 134256
81538 180848
164071 75765
52879 167775
136248 108595
118058 111428
102257 179129
90276 91020
76785 1022
78803 129752
120611 159936
170709 85824
98530 148222
176650 155258
87031 99814
76230 188198
38958 177422
21396 100450
38645 94439
149606 10621
32413 105471
176784 142841
8040 27745
10598 176822
71460 157525
50561 101763
184696 27037
62075 89572
174750 154578
68507 197101
159521 94067
157753 98461
112969 60245
117396 160511
11901 128004
103634 138236
22325 127793
28165 62682
105454 63731
116302 49529
99813 137388
85045 6565
154289 179440
18108 10956
128898 24334
22186 35468
149211 65549
179092 72769
132473 175448
95946 77584
137709 89655
156378 33718
5069 122753
169332 62043
167180 108519
86113 5191
169594 177108
116241 149166
185778 29423
11000 121276
93642 3271
70929 63681
185434 48170
184413 189703
128190 100934
52474 55642
140726 127410
43137 187704
165317 184731
102268 65541
125450 111865
122874 168001
6731 78209
109937 159863
73339 195698
150966 67579
28022 118107
116005 98036
14642 168369
4197 15344
78933 17137
138470 50636
2769 30422
70655 181425
173366 152174
45686 116132
125745 68088
122121 47341
185653 88711
93403 70806
165121 171908
120519 10772
93648 1082
100426 81564
197583 56226
90066 82491
161822 96272
151949 36888
197575 1873
158887 153881
148550 137462
59496 69287
21918 74926
194614 155583
53023 56483
5113 103926
176267 123779
77346 7141
70881 9530
155958 12170
138357 178257
77313 131467
160818 2352
61219 10599
168204 144523
29556 82105
156925 151106
190750 160419
21617 173146
37071 112685
156282 1857
160744 17513
84044 83057
70729 158691
78580 69908
73731 58613
101471 99246
156906 67012
3646 159933
141333 48429
56143 99920
86296 25157
106699 150987
31553 87301
37215 155891
62255 192514
69893 93937
133557 157331
182481 148985
14087 147709
56082 47611
172056 34149
72139 34861
14508 97930
155523 155001
80347 190052
47243 5313
46364 108384
127934 88606
74539 178110
156361 42765
137139 54152
101734 98083
66174 14167
171678 92597
27362 178070
149257 166563
118619 186463
31378 129118
64057 89980
114003 157193
8874 12732
21062 190488
151574 113553
111861 57916
165979 49733
141851 131038
117883 179785
56962 76431
168060 115869
164864 77322
72241 74745
184457 106261
103666 131108
127374 65092
149912 166501
106362 114782
140449 101389
99400 126143
115432 197831
189527 172167
102046 86292
163762 184437
86605 142461
140709 157000
110789 23464
7136 128405
25205 70576
173823 116864
147366 159283
127858 70448
180280 161133
100733 114854
146639 12642
27632 199539
19697 175382
26592 72268
114460 159392
26331 34930
82278 45967
112006 29486
106468 54969
67447 40637
67429 58398
107052 170711
16433 178317
95701 195144
143616 147995
185127 173985
14660 20188
151336 62809
42904 99367
94984 168299
88380 161054
101625 169893
155263 118351
167835 168194
62989 147633
22923 115701
115996 78845
60472 97680
129933 70933
93483 66038
185723 6325
112442 36393
53500 58200
129313 107805
48332 137553
168593 184316
123580 42174
76224 154224
164443 37087
101520 170447
104875 150297
78131 164876
43710 96698
5207 149459
17610 137035
81474 135176
190719 83087
51425 103442
193284 6647
28808 11002
185394 36782
39909 156132
136161 30090
60232 18331
38733 150587
141494 63587
140357 9946
157172 89771
17400 70229
57969 16500
78262 37575
159988 157314
87383 147424
196629 140847
142023 198838
51846 4889
168613 158143
80851 119690
132987 49446
153402 29177
56713 9175
153642 188662
105454 22507
128195 180907
179762 95078
154587 13184
105816 100434
113932 35850
150695 18780
115755 62013
184930 184179
149985 12501
13006 64274
166217 62271
68238 920
147289 100677
63512 188691
75630 30644
140423 87098
69356 178309
101349 45581
34735 154942
172390 154164
75280 56977
62735 44583
38388 17296
54622 33775
96109 147616
29260 74617
95991 6056
167871 36110
189565 9076
5437 87312
142078 148612
147622 65194
38855 120939
93309 49040
97585 108481
82140 168581
73404 73840
121877 44585
112007 47357
80475 195857
7209 182999
137994 158621
195090 136752
172337 86085
134334 124889
69244 171550
121045 132531
33350 22332
173855 194611
99267 175712
152217 132699
147456 173472
46722 49064
27106 6868
29135 141282
163521 95561
20167 73341
118400 43743
169941 104850
13624 25224
126200 133269
34895 79089
77442 53336
74791 188660
136117 58101
163039 144394
121260 120548
164139 136497
37991 86882
119960 55482
47262 86686
78553 46962
165058 27836
57863 43828
41632 168573
27410 94537
69047 136065
9775 35979
197109 171596
19408 95515
61508 186660
12948 74990
140162 140243
43421 82690
86853 27317
82519 100560
21392 91731
140995 54861
31155 195099
9412 121055
22341 152546
25609 61977
168680 147274
35172 43587
128654 175640
55406 67844
173906 15947
170618 172560
121498 137314
60741 89875
198639 150086
20080 99312
146020 22357
46857 128976
63149 138380
7051 170193
146132 108904
22190 34894
169561 18470
173420 139352
133150 153149
56884 7360
190669 146989
128533 134406
76704 108461
180541 124469
22027 35740
174892 59545
31943 63142
145992 60381
197436 165054
197978 140030
160037 25290
192604 15242
134012 96162
128391 60313
172704 43638
134588 129189
104968 41262
18038 153085
46513 7317
30187 1729
59986 110738
167747 61913
176160 90781
149251 8036
195933 32646
39044 107218
17185 12328
41927 157858
58131 34410
19572 134088
67449 37972
107998 128291
165506 77185
108519 146967
23121 150185
193891 168565
195866 196921
103087 91623
91881 12642
51608 175551
78358 177944
135190 64086
88313 70304
25004 51899
124312 30655
149598 45555
199970 134626
21003 146981
171007 175850
62978 145414
128314 110588
137291 94258
66412 67509
81709 20903
62740 59651
84888 151757
50846 66553
22674 94333
92386 12174
121877 103078
130943 152220
94856 118821
172316 99226
67069 130830
89130 13971
101417 38211
7711 155812
128743 177399
141109 61414
169977 142059
118108 117825
50605 27663
175131 166354
30754 76075
75157 53867
159112 140976
112984 141526
137869 133427
14232 11067
175341 104251
120504 47355
68511 144066
115131 33015
178600 63223
183807 59240
56531 56122
84403 34361
76531 47431
91886 63214
114355 48466
