1 1
2 2
3 3
4 4
1 100
9999 9999
10000 10000
26612 9786
5048 62592
72647 82233
74210 40001
67040 98092
49223 35908
99312 13673
7875 29503
77602 73778
88132 9945
74578 71853
32687 61432
58827 76476
38607 27710
94729 24006
11153 6851
27862 16381
75934 89623
55979 38994
57190 46414
97356 57244
63450 81366
42434 79503
73875 8968
92898 41861
17985 72929
50669 69164
31479 99445
95219 87560
63217 51001
95401 38694
24835 57655
69063 12419
97256 83331
13644 13155
41253 96417
46639 379
75711 10545
92687 14965
27108 27703
62711 72709
66549 82383
71216 61010
82565 15071
94312 27290
79803 70013
6290 66845
28987 18301
23640 95896
44792 97289
69464 96818
55410 15415
54761 43090
28797 11551
7027 88337
92168 13498
94107 33422
79463 91222
13560 94501
25051 97770
80396 38993
13966 95230
98443 57116
11155 33032
32858 41456
54914 50060
61289 36502
49277 70238
36872 59878
27917 86299
79392 43429
15680 42502
33467 59416
97408 57940
29736 75512
74386 616
48980 65838
19496 51653
63008 58918
14877 18763
74471 53959
30363 35235
92405 91722
99927 56928
18240 41252
73999 97387
32247 23884
43469 14499
21735 59769
41025 17805
62040 45096
47680 77251
19720 62202
2803 28470
85457 60626
87386 63927
5483 5693
67822 41919
456 92659
89231 88388
5767 68068
26441 67920
86393 17716
1877 30158
23335 32504
38028 3115
73917 64671
10254 25325
45856 53880
63732 93050
97099 26161
68687 82773
98951 40852
73597 61357
93427 57080
99200 58824
88503 76326
18490 74333
58714 55552
71433 28847
48265 82687
6222 30134
30985 37520
72941 47462
64853 62756
80730 68453
50409 62202
14952 7537
51716 17533
40608 40654
88930 49851
97731 56659
50259 41172
49981 2135
1237 42568
25925 63316
5613 50083
21710 57919
10437 8760
48338 52152
74495 33470
58896 32933
96090 782
72008 40005
36318 356
66089 64033
23247 81432
47052 36499
64754 75389
46241 21028
82374 60166
55432 38959
33997 11231
91682 39542
76708 85897
92690 79902
41881 30562
2313 84639
8587 93972
35705 3595
67971 3017
91599 36507
99782 40080
82176 46993
29933 53022
77929 89947
12942 16096
5369 32992
90127 95290
79336 7051
32165 30013
50567 30328
86646 81137
81759 57811
34412 48521
60500 85215
47911 24928
41671 49761
11219 29841
99560 85819
25857 50694
44621 66470
99690 73110
83851 68286
50202 71335
74347 89224
16163 67624
54518 65546
56896 77534
58716 90982
61488 70903
18349 96375
13678 83918
86710 69692
6837 58164
99524 22106
81335 7627
74754 33379
21984 70024
18184 1286
15613 38930
86173 28055
94446 86572
10220 81077
451 99279
17067 17800
67182 15941
16917 12419
22232 65614
1260 36715
85841 88219
49913 87591
46252 6548
48635 41486
68225 3049
39806 79499
56419 96632
49869 26977
60864 67467
68049 61126
10563 15439
57698 95932
92324 95116
49133 36026
71480 42322
13936 93736
62317 10659
30635 47982
34418 28310
32425 47313
43040 27655
71784 28753
97908 28157
2206 97775
35009 77822
20642 87659
33195 85054
26188 79170
51401 48829
21330 32978
22233 50836
87729 84001
70792 87511
32295 34553
93292 59566
44111 17547
84402 40698
95886 94122
80843 16296
1114 9484
26148 16442
86147 77594
48228 77936
22146 93115
31170 12105
73016 73138
79346 85204
91001 25420
10559 32435
94941 8800
48307 13581
52666 24852
71665 3380
23734 68764
17532 60302
44033 69811
42748 65161
65342 10282
91232 62923
30911 50145
57030 92308
11386 90979
13500 37225
7138 19928
83531 91403
95931 49915
82987 26774
2364 38521
55982 66373
3239 10677
1512 16698
90414 41741
52332 64393
12462 6423
41124 99341
48671 26839
9804 80664
82344 67202
98064 75933
12173 82409
29691 36718
46622 74693
7901 86585
84749 44867
6654 23287
13938 55561
20993 46792
62967 46466
3221 21460
48590 36039
9143 81135
88692 55217
997 63163
54700 47711
34634 52817
22873 87202
93716 60037
94321 33096
85029 30365
53167 1253
10749 51101
11270 17669
42214 55041
94456 73819
79872 59916
31860 51165
31556 84081
48872 38372
58530 55859
32438 93008
57324 36805
58782 79364
17439 78259
18377 20653
76024 76247
98470 76985
84568 79852
35800 38273
70741 49670
45541 85639
26793 14739
31713 18010
98953 62283
97265 44020
81265 4965
51783 92277
35042 10103
5615 7394
94435 81932
71293 6734
16795 49224
93125 78261
30057 34089
93677 27502
2375 16797
57075 35848
83767 69079
3589 74406
15230 9561
36802 75619
2838 56787
92859 75530
52298 72048
60708 24363
26440 22418
79014 80467
7548 51807
3117 37978
5484 2159
99941 21669
95075 88192
85532 70345
61206 42230
48553 94802
3588 24499
80258 2047
533 63286
56462 82297
58421 29208
57367 85567
18190 57144
92798 40979
67998 19286
4400 74808
12181 59695
20687 56258
38997 93653
61676 96324
81859 45299
57972 13232
42736 45278
85795 97052
67860 84323
68687 42983
43433 45784
46280 513
34431 11945
65672 49218
96736 11458
77136 12918
9515 73980
90721 49176
57104 83007
74338 32576
53731 73531
59218 87555
46264 47154
22290 65179
56578 46276
94684 28515
43609 87842
32233 42040
75585 42358
18331 75891
69243 86109
1057 10808
39818 2921
13190 67394
13807 77208
71092 39603
36372 68329
13436 72665
94522 22727
67527 17444
72590 46451
7543 89300
57971 49032
44125 63541
69977 21316
12122 13089
64579 1400
64149 8139
42073 8470
22474 63333
1338 96524
30687 79951
52541 24456
86759 88210
7483 98763
4821 59051
78517 51553
75366 80211
40289 93067
74783 92225
36207 78482
22325 50076
10592 44971
4014 22364
76908 56116
63747 62919
14769 2831
79154 70751
70797 11379
12865 42958
7455 77023
46317 69480
95757 86043
75605 20275
9112 75103
84332 9353
13280 8427
59430 59380
32125 54704
51417 39601
67842 8170
45828 48169
4236 93117
26580 71736
75865 26592
2154 9936
53404 70355
15594 61781
48654 32253
97362 51887
76565 67362
439 62947
48873 22746
17330 97851
27390 68292
27873 19306
73307 18974
67247 52425
45947 71613
75906 35968
80524 78246
29322 46197
99774 51225
10888 58320
70498 20483
94814 66302
49752 29648
6159 13809
93152 57133
90004 97179
32123 25177
88959 10248
35071 66182
78772 91731
88202 71847
52512 70910
19504 1357
50236 38277
91804 80918
11305 87043
29156 69918
29238 49884
83682 70342
39412 49166
40010 6743
58575 78817
95105 23895
50500 71494
32044 18074
66324 97676
87997 38447
82321 28005
85270 18083
92285 72409
53893 32006
32800 26175
88540 44730
33395 4737
23830 33197
3952 82183
65242 94375
91137 20818
39722 11889
76837 93450
59172 79497
95865 87423
70997 99515
99303 96376
9789 94034
35024 14687
40840 24347
64001 92074
51040 44273
12684 68618
77066 65058
76171 53706
74246 57676
11643 64335
1874 92157
97482 32604
55402 16713
43159 8986
92113 1196
90361 46227
14565 41847
62644 65770
21503 48675
55300 68098
9542 41070
6117 82191
89808 60324
21938 79030
87570 76442
89263 53821
49004 32717
25247 8444
92895 45763
93926 18630
73566 95990
19756 10203
90464 61000
16792 17475
6301 92354
26682 35277
41383 20267
65946 29471
19410 5502
40804 47394
70133 27986
13871 31348
41587 7793
49570 52627
59919 32715
65057 49619
58780 44689
72191 92617
84823 8188
60174 57279
49605 14523
79002 40768
13437 19453
29507 55223
87332 11272
59054 25341
17783 29305
67479 71421
84960 96618
39628 31486
14178 31605
17088 15100
99168 12737
60843 54079
69069 20928
69468 17447
87625 36163
98936 90412
3924 47865
27779 65986
46676 70290
21997 56955
82623 48339
20250 90831
99502 39104
66968 6626
28253 70203
1565 61297
31743 98663
48536 30696
59202 40976
66436 3745
34768 61175
72772 5438
73008 98605
16043 34152
10221 42612
11310 31606
55795 18775
36492 44602
41725 59288
84144 18971
61293 38403
70623 74888
70577 59327
23007 82387
12457 64675
82385 57966
43546 81968
11294 19049
48823 65285
90649 12023
82418 61370
59085 20578
52111 45648
89913 7134
76399 81962
65597 14016
60077 91687
96920 59339
45213 22908
51992 34782
94281 84174
13951 21063
24715 8094
68139 13225
63042 38547
45342 75590
76449 19536
47645 37105
93154 13889
90991 50015
40391 23821
83930 16943
14950 20347
82957 15922
10855 77684
10274 57711
61407 12668
70341 57072
74135 83422
17433 60942
87856 94521
82199 37093
70265 5000
33611 82858
89661 18660
72716 71794
93700 38354
57318 49152
31431 99153
11961 29235
26549 20122
80982 33569
51891 43006
65383 61784
32267 60921
86891 54164
18622 23729
43225 12125
16182 7793
31664 47870
70865 80661
48152 19416
29437 16409
32354 51749
90680 32795
84047 45446
84449 40826
97199 16446
94807 73376
7714 94937
26503 27173
10091 49644
26677 89030
32186 77457
8290 27671
30528 55280
46756 32912
88541 47276
54553 89608
72313 7074
48669 2347
37217 28519
99898 98288
70075 70500
91072 41654
90172 40649
91398 93236
76520 98121
61955 31650
62117 99604
20313 13670
75522 11415
38765 4786
34479 59933
23635 36853
86654 10927
78697 42663
61764 4206
85847 39236
38220 22874
78121 61354
14579 85483
51917 45791
5559 5150
18822 83475
90445 88587
97149 71772
83212 83012
96976 41681
87491 51025
74205 73802
18768 89853
54558 48656
69390 82814
49109 48974
96467 42859
19388 20198
77169 37215
82068 60240
71139 39136
57514 84995
49142 72686
79309 15892
52366 78665
13871 77715
28455 85360
72843 8112
46406 89697
5791 17082
99128 68150
25912 96918
2562 82527
11699 36281
43367 53126
84680 91961
37869 6312
79222 60989
37699 65965
13133 62606
75206 15105
95801 40940
81548 70642
45175 99940
60585 46859
66677 58049
23251 80388
51609 37615
27527 2162
33663 23620
99759 97569
39059 60254
47656 21253
37491 5908
26529 41878
17840 72421
48209 57239
73848 82200
72113 11070
34882 84155
23854 31408
95428 38869
65536 46281
71237 7088
19771 87817
40950 59588
24912 56963
20999 54602
76918 64090
68263 91946
31045 21319
55203 99909
58151 78357
95231 8484
21138 55002
96223 49424
22172 42678
68609 44864
52507 11346
36985 78284
41914 85038
8061 35746
70010 25802
14517 59601
68806 17530
28534 5271
59510 47031
28689 49264
72407 18036
85392 48097
7347 60742
80965 22150
30926 65560
34105 50239
49462 62736
10925 82908
93322 26230
61680 73517
89915 94270
14255 42598
40672 78301
87373 54024
65166 2297
22129 57664
98805 97388
96027 45071
52359 53556
71291 13144
57161 38718
10519 69810
52948 65225
84103 79431
2288 63459
30598 16115
36233 61493
87690 58827
45553 56667
37256 57630
26045 99281
45230 87365
55533 26040
17517 76898
71422 72359
92025 26979
33424 84068
64997 19314
96495 33697
37632 19683
11958 96844
39353 71071
53505 63357
70181 79706
47975 37411
92436 17366
36451 99554
68471 86665
99029 92473
67745 28244
75132 73979
46968 80964
48302 98372
47150 90189
47825 47044
89786 72637
72271 69944
67383 62707
42427 50032
10000 11924
29987 7381
64276 8804
71858 12692
62846 4297
92881 38194
81802 3149
84259 83736
40101 54691
19029 91637
2033 75542
58990 80011
61159 48838
13613 18943
83780 83695
68569 51473
88328 23235
3377 87919
47307 35412
9769 82378
22310 47526
25449 29184
18161 75672
84439 32773
24219 38905
426 10810
45293 8804
22999 31618
57547 96423
57928 57351
54061 44965
38869 50804
30912 12082
40672 37856
43996 17224
6647 51942
84658 37335
99684 10809
78411 83951
82947 67720
12309 4803
45542 69249
41887 81703
65918 31186
92190 23892
90925 4021
5635 75351
94863 39244
16129 49099
19006 1625
45251 15809
82966 89789
1395 24107
35734 3641
99312 7886
38652 81027
89779 84455
54397 74859
54371 3904
86265 13902
10066 69866
86662 58994
88379 59601
6487 84524
39441 1910
72666 21767
11346 4729
3502 70917
43556 85510
16198 51465
46121 24732
35995 45366
84294 29617
51938 98905
26200 12389
56999 42038
99654 42302
72823 82926
40574 66708
98584 26702
51183 64862
74731 77299
31651 95409
61916 95477
93297 10329
4766 94963
23456 54313
11814 24811
72065 35608
95803 50190
82794 31410
49026 29914
58611 30673
83321 83656
89114 78845
92522 44837
97342 59175
27955 22444
72528 33215
99975 57752
84704 9333
90663 26657
23161 59669
20127 63886
89485 45120
22580 32875
8872 73778
68364 40394
73776 84663
52279 67181
10557 80951
30484 26697
36011 49247
16143 38844
4459 13435
29951 57982
55503 51185
98691 88666
78295 7239
46402 61973
35888 7530
42263 72537
49950 7521
25349 86678
26989 98211
64918 91973
2938 3308
73939 99290
34987 85209
31950 24186
58647 21111
33326 39610
73045 70101
