1 1
10000 10000
1 10
10 1
999999 999999
93103 118969
55770 90431
90283 90992
80725 106572
52217 74693
47120 73457
76505 97246
23198 41824
75369 110544
37882 85047
81004 125281
80748 90655
47411 78876
84797 133546
82801 119168
1640 35101
16065 57852
84589 132935
36004 74873
40173 61641
99429 125023
44247 63909
62720 96106
95816 129427
23280 69171
39751 74804
44319 65164
25853 40847
99108 120606
98905 132052
46724 79194
5941 33463
56445 67195
84683 114685
71527 91206
93604 137845
98925 139424
82886 83133
74679 95910
29303 60111
47566 61711
23900 48082
42361 71119
10752 17802
92992 97625
33542 51397
6371 56077
54049 68893
21122 64984
93628 140231
23742 55124
55668 96261
6421 10150
68330 90188
14630 64368
8073 49369
57780 99581
17444 29971
58309 96028
92701 131350
60404 89049
59838 70480
83758 107551
14710 41464
23927 34062
41083 72377
67671 94604
36082 61736
54498 72118
34345 76123
12711 61303
68344 82138
97736 137716
68976 78184
14476 37647
10763 23137
79178 106140
8027 27995
20778 23670
36016 38763
74424 120019
13962 23032
86572 109267
34549 81681
96569 125364
56147 57720
15170 31612
51119 99395
80551 118596
72549 96820
30591 31804
76364 113319
38774 71479
39026 42000
16744 46217
59715 66163
1532 15921
83738 97921
16477 60310
44398 85064
99612 114918
90995 110344
49163 54686
15418 64037
93658 140816
53760 69103
10720 12625
19561 49306
45299 82657
3373 16704
99484 104122
7236 30321
11067 24540
1501 46503
71084 80734
52244 63896
78914 103953
42648 45705
41129 60363
88526 124572
13427 54569
39523 68368
84994 105616
80530 119952
73147 114960
6588 40245
22342 33858
95366 139722
81363 124260
41178 63718
29328 68612
93413 98186
71909 74154
42349 81173
95720 142016
47673 84518
1563 24321
45447 62924
88017 105050
54209 83979
75900 97332
29950 57329
2275 35208
72557 101084
79166 105904
14379 25645
85372 130424
899 7003
78636 109146
1031 20247
92328 109187
39212 80657
36799 48593
14833 30518
55919 67554
53810 87564
22817 47363
45348 51035
927 24363
8859 35304
34175 35168
8999 21075
4393 44232
49152 78933
89220 97787
51251 75853
77872 107137
88261 119372
18229 54212
82200 98944
83072 106512
46569 55247
8343 19110
83723 105987
82949 112357
22819 23900
82744 116869
90631 122488
54622 92102
1669 10204
74440 101089
92079 120529
19879 59358
9049 56536
85107 124487
33454 50490
52163 80380
57026 103573
86030 89433
67142 73779
12529 16709
33318 51230
51855 55469
86262 121719
34157 75875
44696 86432
2647 6348
6986 15229
12082 14648
57226 74516
4272 40617
79552 117446
8297 28877
44134 76647
75962 92688
39221 61301
21029 56941
76680 109403
88406 125377
20220 66067
61574 75060
15692 47745
82488 113333
75636 108420
40509 56332
28096 52769
96767 119974
19560 44357
36881 41263
38938 86386
8975 34152
83005 129187
41061 61355
3404 27795
62866 78238
58026 75102
99899 120603
23006 71191
55872 78724
62480 83505
95293 102248
49522 53089
94646 105021
80252 119167
28120 40290
29474 52262
20279 20875
40596 59656
79571 117614
16459 65303
88723 135351
16560 37581
59296 93923
78172 117346
1980 20957
43020 79276
8671 32303
33338 39130
8687 23334
41435 46955
39228 56822
52016 94821
70478 84090
59743 72021
96412 100695
34812 84746
63997 79139
72251 78103
69015 111827
1874 28542
70367 106273
83247 96228
9731 44531
84088 93292
31356 50069
36243 83391
80883 101793
46276 64823
12195 19826
70333 93230
10281 59606
77173 90510
86237 103956
24061 46367
66083 104238
77174 89907
8487 22043
78703 102054
1169 19173
14504 41194
78087 84428
76679 111409
60848 89699
5634 32094
43440 45838
80722 128308
89122 110739
4635 52410
81591 117805
82716 102144
30475 44546
78471 93180
42256 47299
69380 72890
53423 67049
4508 34704
46312 58558
32544 79461
15032 37378
84963 108667
77979 121305
8909 23304
71989 112729
37493 74757
18997 19048
5236 50121
84810 96422
5103 39464
74904 81718
37574 53512
21355 33217
33386 46526
96884 108727
86858 116477
39613 41670
67868 87076
52924 100338
91949 92291
44557 85254
50407 64459
8611 34777
84776 91655
95717 117006
26064 64128
84530 115593
31464 61900
37041 38190
36857 56229
97928 114269
13325 43340
615 42440
94423 131824
3549 7667
74425 83702
43374 77576
9112 20056
27488 58645
20120 57384
36059 61969
9300 46415
27302 43740
49685 82887
63622 78826
63849 70459
93950 96930
82524 120852
44306 63875
73383 113607
38363 57462
31185 58370
10803 39491
66568 77684
20802 55237
97907 119950
88000 116165
66705 88623
57836 77884
66978 69107
90219 97903
81109 98130
29504 40528
59990 64165
95251 104184
36238 45509
94243 132565
41747 75075
94300 135128
52305 89495
21389 42754
2031 17991
23647 71147
99462 126240
93059 125892
85439 113343
64169 86044
13960 50547
97662 121893
71182 96278
99084 139752
70910 99180
58481 83296
70969 94784
19601 51803
34387 62320
86295 114919
4746 40898
87405 126304
48091 82208
60856 73933
83697 96568
96632 114721
94832 104361
68947 97920
81704 103854
37155 86859
15805 28727
91185 129481
91310 98584
95402 130718
26607 47501
74279 97416
81037 115346
84924 94820
73291 117827
21459 71166
21578 33164
68206 81214
41238 69324
77153 87155
47361 75100
50530 50865
30685 51705
79931 83964
40022 77822
64711 70647
55522 66216
47594 50773
34724 44476
18633 45675
85351 126581
66468 69485
56491 104640
27608 35993
53600 103223
87002 130316
12722 21432
78169 98024
6865 38121
37272 72664
61499 89347
38231 79744
11892 31377
41764 55678
50372 97403
56952 60755
26491 55708
20025 22962
16174 52689
6597 46397
72275 94528
15586 39589
6735 53712
38335 57285
30574 72309
71166 114492
97217 116914
66350 114426
79122 84474
28623 56371
4108 13610
27963 39648
83923 125694
88211 108479
1257 44631
64681 100295
46915 76403
15535 25529
21911 62114
16549 21645
18231 47938
7520 17218
98998 114184
95772 133394
73060 115836
70650 86946
87935 88312
25275 48515
10010 36060
95708 114385
77037 104347
19320 42697
70692 114533
58918 77905
68018 99244
94985 103069
72604 93957
19219 55503
56471 82873
17685 28467
77824 115364
45389 89753
98405 108450
10381 14055
31847 59931
88532 138110
81348 103671
30499 41284
63547 103068
82075 129642
52830 70486
88255 132245
90204 129304
90118 121637
73014 86521
34164 80594
35204 70730
57366 65185
80630 99287
98231 147265
64495 74817
30847 80830
44344 71854
81635 117527
29435 56524
84038 95288
26454 48385
60551 81186
71831 81796
64312 85598
79112 98856
94317 143147
27733 75409
56006 56706
5594 24725
39716 53433
48268 82260
13585 24672
26199 26803
63912 73100
53581 86337
25163 57923
35181 44521
33624 80546
8168 10982
81776 110999
15688 22521
7538 49730
87471 109530
58224 85268
34312 63097
47792 93442
81722 113900
1722 45839
50589 69307
89297 113501
72072 102495
47088 95712
30554 79340
18554 58539
35316 57495
54644 69856
90983 109405
12893 36544
13192 25374
45403 56706
76775 114638
66203 96338
11192 51184
77962 81139
92313 229324
42874 46713
7890 38928
34299 64980
11931 29943
99148 103484
75845 120828
16852 49684
38609 77505
48990 79647
1752 45306
38246 59574
35420 63169
45510 55982
8303 10708
25647 71107
49057 66635
14519 50954
49231 49827
10261 48508
48392 69805
15959 53784
26388 26967
83877 93294
61860 72323
61479 65580
35370 85212
37080 40224
62006 73662
43416 50423
11173 27693
31244 50300
58114 59820
74709 105084
90756 120118
65056 105550
95616 175290
81018 111733
60210 110012
25672 56032
28878 61684
84275 103514
31552 46596
46830 48364
69702 78690
59749 83516
79090 81980
60151 100975
60056 70869
3286 21607
13700 24469
48810 67455
93608 141479
76483 120720
11395 43831
96924 130793
61807 73454
12591 23156
62141 77946
6439 21159
57611 98702
42617 48168
82093 107274
91367 112318
93409 104101
58440 105811
57651 67936
11362 16993
61527 65512
16363 24179
72813 87386
8744 44434
5943 38115
51347 90853
90458 132334
58616 86236
28962 76636
72123 117952
36272 52802
39998 59919
16118 43913
74958 109936
73604 79324
34490 77515
30995 77603
76574 93530
84002 99391
19331 45731
26699 31960
49075 89461
6080 15550
84218 93823
14746 36899
54291 94490
7204 41754
60290 105986
11678 39254
25195 28640
23888 72986
5679 40743
53418 59980
458 40909
8701 45758
50490 60944
43527 87201
38320 41546
87125 89891
80153 98955
82867 84094
81814 131696
92099 114329
43301 90731
20833 38275
80316 91819
46519 75794
99134 115180
44407 58914
95858 123390
3780 33947
24055 74031
54429 54796
86337 131452
394 33552
16706 57767
83081 123822
81591 130177
42147 68021
21289 39920
13661 55139
5035 11956
77037 105210
74550 113239
61651 105923
50050 82155
73119 120915
8921 55829
91907 113269
79981 125661
27641 34292
8991 51444
35002 55645
34022 82834
68465 74280
1064 11846
14812 43297
55557 88732
69437 77694
78487 121401
1783 31423
7537 11046
35011 82779
36489 46420
72754 120953
58176 76186
58173 91853
8220 20416
81643 98199
7688 44409
10364 11917
16996 34389
62482 64297
92046 96775
63693 71264
7476 15325
53831 87150
25132 70513
18641 61765
51971 98130
25689 57072
40519 49657
85943 87234
23096 44443
97549 136585
10186 21225
96673 134722
87971 93003
95753 123728
33235 47216
81265 81419
5017 47769
44666 79352
36500 66872
47062 73048
37878 81168
34968 75771
2807 32855
43649 84034
15458 64667
24470 45535
8664 24378
34051 83989
76193 117461
5893 13624
16661 54498
15811 33625
67096 95201
66503 68825
73152 100446
41282 44572
20704 39387
71207 93194
91738 122082
71966 101264
46911 61559
41140 78165
43277 77821
14754 43968
1975 12795
95351 97703
12595 42036
58150 94029
70619 115077
90161 103383
23351 48437
93424 112537
76122 88270
2167 26032
84307 102023
11942 59214
68462 93232
4353 26778
35182 65826
49636 72945
20122 62840
47140 79267
24483 27069
40795 43126
58917 107146
85919 132630
26360 46962
93421 129298
75261 103500
70088 105999
91042 126776
45586 62252
19052 52940
11934 14665
88788 100336
55411 81489
61552 110661
3370 9627
96687 107322
58243 84443
42243 50708
27115 74455
68468 111580
50838 78232
15407 63746
30905 59637
72474 104927
62491 85886
40054 78826
28986 45163
70210 107423
74736 106258
64665 79869
52959 74651
33215 64070
65752 75892
59723 87574
90223 114434
96119 141955
44661 45394
73418 88106
8522 37807
55985 89256
8748 31851
74240 78352
18474 54973
21629 37689
54067 74228
4780 50752
32787 82630
63877 101175
88055 114942
93250 138328
76104 101267
50673 74221
17195 65222
56528 71489
53913 64406
5624 55107
12578 55453
2755 51886
91098 103056
74294 96957
42260 47287
86538 113998
69136 71266
12689 47757
11438 43078
84079 115680
79092 91900
16486 60118
53898 86401
25159 26042
50250 60119
85932 135487
29082 30243
20449 21895
27013 46625
47304 86563
58820 83028
55722 71132
73299 120897
49234 76800
95363 139925
48464 78564
90867 92024
80575 88798
84165 102211
21640 50503
54192 65847
64097 100520
26750 73153
85141 96853
62864 77098
87515 99815
80667 91960
29973 54226
79839 95100
67282 94687
59968 87035
46452 56872
55919 87026
85331 115771
92837 104981
9675 43307
67978 87315
2094 50252
80912 123494
58942 69648
52820 95691
87047 135593
71178 107326
29674 77600
81414 84818
56891 84748
40291 46710
7720 34037
68012 78075
95795 111478
621 38802
78107 98244
58886 90908
4012 46189
9738 52277
29318 69127
40028 53610
7950 10422
96217 108273
98152 104457
10607 26675
84504 112470
22591 43394
33528 79497
90733 104478
18027 50913
16396 60289
83562 92587
81227 109016
92679 117078
41874 54793
8555 13135
8327 11278
84396 108042
63584 101533
26907 39347
25673 29625
89788 120072
51787 64414
72633 79106
65390 87936
9342 40737
99201 132735
68384 98626
21522 65640
2585 24630
81317 111949
5659 9860
12958 36137
86095 133611
66638 72870
56312 104406
77686 89105
83669 84441
80897 112378
39859 64384
23027 69352
87223 133640
47712 86268
26360 71717
80956 104850
52862 72956
77717 97781
79733 123224
20028 54297
49867 63664
34811 55328
70335 81666
15953 49764
98365 108952
4665 16486
87114 131291
19260 47201
32054 63603
80250 98948
76569 124792
76225 119482
58325 85653
87594 94799
33393 75371
68900 73264
91580 108142
29202 44501
87653 118825
4277 48596
93934 123924
17098 24829
70269 98399
23926 49685
2419 29769
92640 112010
15266 53803
98595 136518
13964 38633
46669 77086
21827 26923
98234 107370
88199 113095
81284 101297
97612 98485
81415 85300
61324 86854
69555 78712
80345 89168
43199 90671
37949 52514
32414 58135
992 20674
89640 121007
72513 76998
74169 74830
5234 30047
74412 103563
61366 90699