675049 286166
750731 572412
845454 972316
658610 924431
648648 455244
140446 55769
549489 489839
706790 887282
149604 13799
982552 728827
341637 282698
451059 778580
748885 552751
321493 634379
575104 101723
73999 12832
733426 657723
15721 292295
784991 526394
246376 838873
330728 896834
726762 635743
512642 51225
152270 819280
952781 241113
376835 4561
691240 465832
135110 342249
567058 838382
86904 962291
127588 895170
741360 49184
846747 706388
121782 283243
613961 327215
836773 37028
482137 232726
376834 976998
361363 891945
528754 918917
961484 558650
491216 859267
179983 705961
939342 318131
121111 18524
408637 629510
731866 439736
423779 175971
271876 526219
292614 162412
326080 750580
43855 249324
404062 718271
895564 373530
433840 308115
745471 144294
735547 315902
645942 969640
666282 909503
705136 73133
452729 857703
895177 859041
377439 150960
804348 940835
429370 165097
452527 454809
817995 353413
254957 95707
941549 424339
582927 615470
699690 532975
865828 480274
920846 388641
470898 289531
326944 273032
959490 39053
536073 957103
898142 716733
42290 943259
169066 176703
576021 528310
444262 508582
805495 216535
190156 734967
569162 220052
303330 303477
771684 816986
401627 773394
568615 11729
177973 926523
823502 942460
745217 877690
883372 408565
406334 901690
350319 242803
787686 826756
640855 452788
851200 565158
909839 342494
689482 921351
878522 874152
409387 238175
975404 571157
756283 907654
622456 143683
469441 806027
165116 786985
37663 167648
353302 390487
506028 863688
496644 107909
63440 496042
985690 479641
265191 138624
423397 751253
348486 428911
444433 397604
138619 342719
465188 302021
287434 81536
709358 61600
568569 240002
683479 997343
379252 625695
588442 325708
501245 462233
621435 980332
415434 890486
12346 563066
731471 794585
817746 165506
332200 642826
586841 413464
770604 664965
758762 591826
219822 450600
65027 184263
657933 540865
515843 868274
598550 256957
719995 872303
325714 603355
30472 270974
364702 27976
308008 944364
747577 549611
536939 519929
549069 429944
808829 261256
1086 270187
126424 333107
882956 411743
834404 210182
380472 135979
961312 657633
510818 390207
794085 406908
556797 337279
15400 898857
727515 298029
184780 345880
614096 605068
830778 255237
813505 866393
980584 641940
689181 865945
438990 883094
732544 839326
945880 242526
129167 432308
550419 127239
22261 233740
413978 404304
786699 236435
732923 201175
963120 51140
723358 412312
400899 531610
922609 34457
273249 601953
462478 741763
811235 704946
884092 512474
224932 357704
381039 675857
868955 54505
299728 743536
627014 771067
455501 446222
463650 440838
950109 323424
100932 780045
372722 844777
588806 446589
626868 317492
385868 843538
767467 920285
960804 130618
829048 167516
129509 191110
764875 346126
751606 292987
429744 444485
270736 362673
916719 15363
282264 155334
331816 178435
689188 973250
348238 254633
660471 209371
752208 412352
79906 303248
928703 474646
298321 92530
535872 577126
95317 379054
305951 363370
637643 453697
124479 637938
406986 864266
224033 240920
117935 617129
590259 881598
595203 985234
812450 139529
629012 363022
794344 762541
123665 945568
994186 308377
149050 696820
269744 684689
337241 385335
896139 32878
714210 618667
445112 804713
68677 545955
85312 197427
964916 256188
794439 348412
178748 940347
225451 73311
440355 829880
159838 43297
876994 192821
522121 400253
680681 961616
768508 421857
867277 841625
592514 787944
165314 114621
906537 837482
960545 774588
631575 446907
977281 126402
964247 6429
89486 368151
12907 994097
816901 965634
324738 193874
223874 569435
798393 830032
706101 309521
380348 58426
203329 180129
164181 64976
326513 37266
486803 671898
308559 204537
496274 899036
741329 527121
460211 631863
285794 503360
7011 874584
669981 80416
878119 95709
979419 67319
712655 482141
293217 295494
561844 185575
715500 302278
620917 264778
199250 601968
713863 787809
899005 216502
629957 233279
674254 923191
815861 489263
23904 863513
554306 476368
242517 978829
142987 773470
841586 948123
939499 956974
742359 843732
22664 12743
236901 554983
854151 168946
173561 742182
857225 860196
799631 639712
241098 123619
178620 791779
630224 721631
385051 109298
418516 696472
430921 233331
542622 40998
226501 721344
548769 385351
154572 516694
178760 155832
698351 20132
446832 723840
508010 193608
766517 957465
988883 158961
305750 987316
812686 98054
390010 490116
361974 169229
928243 736143
337218 995913
338228 979529
915250 309120
634098 852535
16538 22151
395287 187597
714046 870690
212373 220177
420773 641205
325343 362189
774223 495077
771750 933844
896178 697732
611631 158610
405481 569699
249655 973937
898974 692209
755028 811081
123151 304847
805400 629014
380542 307569
562906 41330
811445 243984
641193 127157
641485 47191
345922 310505
916618 303237
733310 712943
322209 681294
272483 728289
297112 769251
915958 212409
823719 588021
257824 303274
363046 191200
281600 1871
462221 432818
130616 793447
670459 125294
332976 673966
81892 698615
458486 631049
591773 336268
18263 24609
712093 31884
19487 602053
151694 148107
841101 786949
438748 816708
723196 692871
886300 639518
971809 131821
57541 338532
91450 374790
613580 922543
913197 800348
695579 417592
162815 97556
34281 302188
95402 814376
520085 179953
199794 759870
209864 44096
305866 938746
313363 973274
755166 140409
426518 226778
378014 822657
729105 20646
97081 48188
90915 379723
550624 568880
474479 496981
771857 722854
935320 717880
317507 626392
315273 75237
825363 225859
935812 980514
468840 700887
650621 618772
205437 626376
39726 840306
428432 402771
5003 114017
745569 800994
548417 473783
796135 859361
763923 348980
723422 480744
808100 14715
380100 884737
362386 86038
394776 607823
150854 25226
87982 70666
974709 886531
521699 318708
817651 575605
535095 511339
151047 273493
715262 303981
253487 395770
313076 139666
939493 869481
886778 665062
396799 609351
835135 502097
788902 276510
437535 422028
743380 5901
214432 831663
133562 331157
97521 438057
200427 393544
892459 172462
277666 858264
313358 881766
420814 336119
513205 513867
650265 635915
406319 649029
863479 991165
516341 240034
229868 335114
630681 404956
741576 676829
215526 219528
510589 544574
860336 153434
393413 696349
353688 868063
44940 498823
744524 231104
107973 148851
340379 132425
207852 220591
369161 994038
819954 287730
52046 963934
734748 891325
114211 6001
891992 324354
735126 242658
344611 280949
60749 265200
304527 419120
850875 107292
692582 36159
884484 107219
464382 758590
696475 472727
39779 741810
608516 801712
620301 908067
559491 635152
580822 230348
397449 546232
738746 92434
911928 459181
324986 356438
95747 616534
585460 207976
309670 882365
478421 758333
379158 46614
630464 772478
160407 623494
598905 223765
735058 103313
810226 746822
857052 945080
788146 569766
367780 777776
231516 36714
210368 510104
387406 706849
882884 203159
322366 324642
581900 358685
875228 510542
753669 966819
235606 797485
567039 527867
9801 765127
596990 27562
346146 83582
100637 828493
834035 3365
575245 467421
842566 411951
330001 669314
874194 127102
727079 961032
953562 380975
589280 425632
322718 232728
405910 771468
190781 235993
291866 571337
779322 220019
756596 178232
273680 857163
806600 787981
784388 384354
399751 236065
504479 825398
801569 223359
908928 28353
648694 229733
67676 713453
897259 873423
156328 46348
171063 751572
714056 26567
630416 965462
430545 914258
642442 126706
72474 379913
748149 173850
607305 429496
285560 563895
671963 402138
374247 494761
458026 905675
351146 145644
435393 410441
945682 902590
482596 950621
944928 232923
692681 696373
757807 531825
548500 860750
106955 35207
868129 153746
641075 151110
323123 37419
67430 574503
6676 243326
575309 559952
386362 159385
429743 442944
357771 508389
562728 60207
147336 887368
595403 357000
554720 423473
23291 554388
849719 677316
401355 195976
563247 770253
760823 229968
4167 64138
239954 882175
290301 261999
483873 411485
503128 120573
971262 934627
56561 856137
561810 611033
105072 382820
618534 215098
32932 621222
401449 790213
309970 930846
507109 38852
150612 946097
881055 466776
992200 921565
467778 840727
498914 271367
964950 816030
323294 909080
595586 436305
755105 115591
210902 487800
436476 616804
118598 763198
156717 580197
729502 700109
573778 811575
429477 963068
180183 66914
896336 355579
660632 925395
862321 528629
818563 902219
247196 637976
50423 665113
248328 657614
183136 719098
798796 597987
797603 545464
833721 723421
473396 294241
501200 707547
616366 759614
910945 940676
748464 474147
916561 355944
794032 511609
686104 133311
109486 589109
548316 770177
492014 271442
224437 35557
753163 467314
40823 283177
516179 521626
78411 182988
221808 827517
428505 623248
454494 519521
692305 384536
452507 128809
427684 813159
55908 881339
226182 357465
363416 410067
654885 302473
902094 140176
508532 962941
42146 521537
589650 643270
44726 903206
837713 834284
192196 19575
81691 318200
289391 979307
171192 921134
225189 667016
244131 100924
639251 481735
482696 638320
832826 675258
796553 894030
584074 903464
184080 582696
740033 738513
178852 704092
529012 243837
164950 992327
50421 641506
398785 996275
435628 360429
199075 664364
662785 108313
865246 697660
394221 271797
197216 413865
510908 901888
685571 175841
85593 918855
923286 413398
667158 626073
941921 675106
235947 519066
56411 332337
940420 450717
24048 276453
470571 796675
950168 323376
289464 205384
724042 916382
347223 196129
135267 981217
293126 753495
39252 869674
135849 763190
33841 910693
703529 58592
996980 276642
640773 71768
509346 649536
379836 440851
180952 5193
300940 116892
88811 10117
87855 947404
850487 586457
958958 83039
978097 829548
582203 454638
943668 48489
155562 165540
911479 911369
71388 117402
660285 89504
659903 662258
249925 504445
257786 655839
346442 52613
494537 692430
472081 184492
514332 470612
482310 134454
327178 206440
484245 672940
836603 181002
843939 494093
229378 89702
993895 417754
895051 753835
764638 364081
588114 816139
159986 539602
274650 156082
906509 362583
406165 65333
320543 672145
468549 800304
949125 790185
838680 93126
555491 383527
497302 165349
701113 453094
989976 539935
875611 936272
723093 961003
467716 804994
787962 462981
206673 399931
264589 24783
638946 349978
497319 450575
648117 533885
163434 504049
594897 853687
378700 353031
827765 606272
73144 642700
463756 236952
425698 433183
261018 779
97499 66894
573819 499455
364928 825631
729594 249995
686559 777484
328625 531524
478188 841630
687621 629797
547914 7000
692359 286525
787897 375317
479425 639011
445161 632283
348177 230379
915462 873880
833474 565654
234276 433159
866627 916019
234966 25159
956909 649367
539389 694415
852417 30108
153036 697177
280291 995917
401802 724119
208662 841314
367966 895914
253987 797789
678516 567286
668437 128891
805668 118600
796467 455320
414067 909820
26565 588235
845275 962125
331537 494301
717591 454857
620167 661246
244431 147715
255876 551315
185738 460339
788303 207958
993719 464251
559256 684178
753805 262353
427294 260140
229712 699818
673562 292552
114457 153214
686743 873690
650604 331112
350159 552329
226231 185747
612862 854392
222500 460869
695955 730634
724872 863705
787065 395922
865991 213056
707308 587733
420173 560219
867985 747472
794989 606350
385199 610579
474047 224823
516864 35662
526086 64870
536314 4378
614611 251374
859911 13017
839991 135936
236655 416980
879420 966750
89329 720750
566708 960241
657915 251148
66270 70201
160221 484402
318299 951279
1921 295410
156583 339534
934556 873902
206496 420529
538568 901282
496208 788563
581533 176828
675640 223111
728821 248737
534479 149141
225697 203607
850260 760659
473634 288946
492875 753670
982014 681884
183169 265668
161930 228488
125926 952184
221135 519708
844433 807062
563259 973040
825662 253097
839435 792455
5242 137673
427135 586871
919552 634774
217312 249418
976649 499927
296414 34922
75818 594457
455258 366824
706899 722629
155536 728498
814479 244418
927568 386309
263804 823627
37233 940335
19064 500970
838675 15546
358369 556716
981127 778043
720776 5832
46535 316125
395663 513276
709768 939601
685188 732899
810539 16945
878995 833649
523742 651196
287587 646492
219540 705795
149407 701952
556828 870338
290227 22853
185183 131652
217259 354447
630658 31446
653743 101307
92858 42726
274927 822707
574280 260179
893213 841143
493717 906291
710512 454223
976039 244103
627231 419281
559276 21975
425603 831421
52725 371502
347941 251714
576336 818670
700540 816179
828416 549765
126150 719416
146249 607894
333656 120352
253917 616873
284069 502209
656783 216581
959210 321188
505086 24265
929410 363968
692941 72457
86839 868727
220891 408011
99931 950117
460775 115262
675896 517103
41056 198456
267825 418158
686512 984819
839008 602502
686027 839662
596047 186396
523719 263438
669328 113669
894790 359893
189001 312000
58174 978328
714281 810209
467965 981790
927007 956054
278262 881215
154848 171886
591973 690134
879476 907197
932825 767464
883784 337173
231765 226327
808200 684771
727846 860947
428373 409329
255805 352386
991014 991667
964001 865330
103465 370204
521235 512734
606261 894435
397349 861867
885937 537753
193159 220377
775265 25795
656489 275005
131513 876225
270496 323258
318269 440317
189696 1125
926833 40702
242978 719366
303867 327361
288445 65317
48971 258694
918918 971484
663918 154899
14339 56542
535842 62572
907098 261884
555915 524265
443678 705585
622849 747671
132829 854
364540 297815
586690 873024
446180 755833
347141 805252
133390 426807
82034 81103
429666 135639
233367 150613
975392 358660
453105 178489
602178 251024
975737 168493
557041 455275
647849 18264
43544 33703
596628 952582
898697 32954
995874 693751
684276 395566
891718 710820
629024 550888
16825 846307
313287 687001
204440 849482
690772 603546
