73427 43052
46438 52123
141600 23766
77206 24516
37161 21292
21253 134531
51855 84373
47626 114224
132221 141057
115045 140197
120371 31147
88173 40546
27016 142085
83554 35227
136683 103121
62525 101449
69924 60111
229 108963
133479 127876
149169 77435
128319 86993
21366 86774
117350 96526
87583 135344
125541 99572
47071 52629
93175 95913
87998 135245
86824 120192
73313 87905
39354 73508
49971 52190
11154 109278
87155 116552
110340 60985
64330 2676
89450 88659
35185 85696
137393 56800
72724 122768
25397 29286
125199 119796
21393 34925
5117 129550
133807 108217
31725 144782
46972 89513
48791 148048
114601 124478
101816 52298
54974 74941
13600 16146
18195 60776
117577 48785
87905 71940
101226 106653
76449 113303
148228 142778
38680 97842
56060 69697
130831 22487
112000 4137
68538 94155
68634 77143
45794 33139
108080 86802
19300 100768
77897 38032
3169 37495
109435 111826
68479 91074
120729 127014
119792 144929
9123 35309
21358 8472
97311 131535
52025 2189
96345 59311
52806 120563
3702 81331
18133 98600
115721 28134
132518 103785
141281 43618
5444 135687
143113 17068
144082 140275
51556 113843
149152 30226
38698 60680
108567 20511
89052 136009
111672 10592
131155 35397
116728 14479
29431 51209
79343 51213
4999 145152
105122 128213
113900 62632
146052 110566
17194 107014
137209 56487
86713 68750
45782 52713
73224 125412
27773 4350
14942 78629
114026 55798
136629 62450
113659 147107
114672 16060
77565 109355
87568 119671
98655 32687
59606 117821
141187 94708
1195 76800
145550 128396
31109 87908
129672 107685
112035 20686
99315 73798
129596 126977
105779 129693
126800 32577
48637 69439
28794 91473
127496 126202
75242 32714
535 76152
20860 134848
128000 141722
120118 88407
92667 39902
147587 67580
88266 72340
62490 109622
2952 103933
83626 108438
141015 108731
28170 60427
68252 39652
82207 123316
6031 45748
121900 7449
58649 6566
64641 59112
63871 36649
76551 34759
102339 6539
145231 74139
100113 106957
60890 57721
16159 103065
128149 144517
121296 73526
113178 72671
45988 39548
1648 111737
35538 118371
124937 123549
99013 94187
47188 39578
140690 12885
19424 123740
47879 9381
32691 81007
138728 64344
17410 93581
4450 71239
144765 145559
68230 42098
81646 24295
136033 30570
148941 83295
123196 87923
98463 40231
146161 138561
67798 145651
119391 53203
62585 3574
84581 83622
147967 11628
21561 73309
60900 81729
143640 92364
134462 55665
79961 128222
8793 66109
65756 132346
136621 74086
114317 105304
93865 85084
80736 110479
13682 11664
15238 50127
50102 142619
70599 99820
89481 48069
129798 92161
34525 382
56047 123438
101660 18987
1448 52360
101058 26805
100892 133556
88860 87680
22764 131561
92040 32726
110742 19852
136332 22075
81046 125980
142152 36434
84503 1646
10159 81634
148368 130653
20443 111036
46375 120767
23128 38455
65261 47824
31380 40538
44570 82505
64066 36593
69319 133687
3539 72459
94534 96413
138745 139871
26305 91932
9930 130898
128884 27160
7813 20089
47477 127252
98019 94608
133064 93853
141677 37499
144390 114677
47182 89409
126002 38960
22647 27600
100059 111673
58086 92539
148762 110945
52878 113184
94082 25068
118580 129160
149250 139318
116570 42746
137354 113079
56932 130941
84793 120418
1447 48609
54371 79183
34495 114981
142582 96725
58399 123495
66034 92641
119939 32837
146021 64796
6216 22817
68329 6455
145773 124797
17543 133931
97011 28695
9637 71249
41668 3943
52553 10782
6317 109467
74449 23276
120001 107164
80659 67031
76024 28400
127590 63045
44194 45963
135132 39963
46419 116762
91559 53462
37393 42192
70888 25454
96704 134404
138348 146877
74011 54724
14191 107253
46881 80328
37492 4992
72023 16882
111635 34504
97549 148048
110363 5577
45540 58095
24858 95496
65310 91959
50504 32769
124576 102703
3460 121392
34621 137632
108708 58160
81765 108632
105312 39251
44244 128646
61880 142804
93660 116267
30667 23515
29092 41210
15657 141031
2879 140985
82944 40515
73285 68189
87244 133448
21192 47861
35493 90704
65216 122165
80797 60553
99804 146981
125627 102461
95266 144048
110316 103860
127375 105278
146488 57335
114718 72820
130157 12146
119013 117597
102138 63101
112902 42298
6511 39383
46439 50446
22612 108356
18909 111656
108637 19761
122223 118714
112762 617
104477 133841
89119 139430
113118 148204
137376 1960
80458 77836
111786 117533
96987 49471
8122 130276
86011 126241
26687 14633
39342 132451
10459 115651
135413 124603
9669 119096
36065 107636
7829 38784
94566 56894
55099 96948
98908 57684
51873 108827
142713 29366
145190 80011
126639 89700
65941 3312
84297 62651
45102 8980
124632 39991
14595 121913
91009 110045
134033 90616
129400 43427
100321 141862
5162 73967
48003 71772
96952 20423
49789 99876
96239 89665
95717 111331
114643 72879
135530 78010
86990 48941
5284 96984
68897 61622
88019 19879
110496 76258
36037 72052
130266 6248
80215 136359
124483 51781
72204 128219
144447 137787
77452 121993
149677 90687
79918 23169
101179 114320
79613 131800
78784 104522
16144 84898
21129 64033
56643 20516
8920 131625
137874 92681
145392 139187
40968 134441
29012 36227
24015 29524
67869 23460
30499 101467
40989 67546
31867 26769
8569 58520
13042 27832
112730 87353
67738 95539
116055 133860
31837 124381
133414 41327
96866 86063
136857 128806
81386 54186
83710 15869
105681 105401
123220 1580
69126 136180
79301 14209
139082 17345
45178 87870
91575 68476
14015 7908
58120 9313
50047 46422
87750 89958
92373 33461
78620 34616
5155 79230
95100 10006
115407 88865
90445 117133
19666 4979
19189 9572
26917 98967
36838 74623
143099 72095
146356 128413
54079 73467
36241 54476
60786 104126
53939 40343
141312 69512
148742 132559
58917 146467
85332 10194
127328 24324
29304 92130
101702 146994
95961 114845
105820 44971
33419 49151
27565 15271
88738 96127
603 81644
35770 41332
81675 127742
47254 89709
138621 72987
135806 112348
122543 47538
138215 71139
13269 16223
13217 83871
115068 31323
142646 25530
74682 70888
86159 26065
122192 18599
100243 91250
132582 39148
83242 52365
58426 64257
53597 46848
9196 47047
10938 39403
26894 131739
64314 65505
149376 40163
137838 77531
19414 30796
101684 130485
72902 94096
112695 104195
45445 111447
595 129290
31655 94379
74989 189
47037 6433
119833 128586
17989 56233
104325 130771
46276 44884
1399 18639
12523 112004
142800 139238
36075 31937
42385 10836
115031 108977
70424 71432
117074 76829
87560 137371
137560 148729
71514 12549
141135 34597
7183 41347
22118 75477
36713 111508
46499 134746
96750 104464
10054 59022
7311 5902
16738 46129
5107 49696
37480 131770
124951 141883
129255 4554
69635 62511
75061 116815
67765 141150
32497 132548
124377 74948
102808 120968
22066 11090
31907 149307
124682 35169
41071 41961
88091 131993
98042 57810
105932 9550
1433 135522
56429 80883
59746 130688
13856 126064
117214 51159
33708 147973
139273 66064
103384 8085
85528 92081
7740 41802
76971 33787
75748 48774
30768 34395
92205 80191
89741 45162
30684 114489
111724 7527
54567 87113
129530 21470
138982 68423
132748 13096
145512 22690
97127 122021
130454 98896
57051 99007
132794 138195
103321 134022
84769 124895
55086 134089
29251 93326
57815 144828
68707 126288
129753 19539
107362 123274
108050 109283
38732 96344
35386 90798
62820 34244
49493 48865
64225 109626
14173 106544
6918 47019
21914 117495
17936 91688
35014 77001
138181 113540
89828 9182
95073 123240
96514 135933
11569 52435
65131 54564
61715 50301
84545 16869
65735 40887
513 134038
90582 129960
93331 14687
132182 13853
21893 31598
24951 66470
30010 56907
66089 79484
52724 119838
22124 11163
129950 149238
120155 33693
83994 111434
128303 98222
139109 18539
2578 110390
6702 139622
70661 9512
89717 100034
47984 119195
35666 111610
18518 72935
2419 65676
101867 959
78474 55143
120733 123991
7684 124777
86211 7240
105462 91678
26569 130866
91257 94571
546 95499
105012 97959
114345 71207
106755 44729
6340 12329
85264 142421
124449 91210
8521 87683
59178 76316
116659 86996
128125 29912
37152 124343
132373 64336
45202 142615
3538 8943
104442 52811
771 4084
141644 125806
86888 115116
127446 98399
7172 9580
100790 62710
66746 131621
57938 25663
29011 42276
72188 24597
65293 7136
137824 25693
84660 114018
39313 33027
85838 88198
8635 60108
35914 2961
118078 279
15030 39154
48734 11876
140938 22202
3823 65876
91540 57684
99961 128113
69063 120551
44040 88501
30546 50708
14726 31864
131243 31558
36109 54040
114148 133434
136395 44744
111375 66414
21921 20825
32701 42757
64959 70655
52884 23640
147676 135134
113248 144424
31327 13989
18843 98663
149371 75367
107232 115741
147300 14097
134489 88475
71909 33409
144505 14989
147756 124657
145482 22232
64989 19677
6684 28184
118176 46300
31434 59568
53992 32204
46194 61034
9697 1672
77039 131389
97130 9068
89518 100623
105451 94430
44191 140359
5349 93712
68369 105048
127280 69457
89134 63852
8388 42269
4921 95818
5387 126564
8768 36356
97390 125731
43755 121314
102703 23440
98860 37147
137770 49834
60616 104730
95090 93221
36934 104808
59856 16791
86248 21655
85507 103489
62110 91734
103904 93895
136811 67032
103388 25643
67727 61932
99598 117130
140570 111482
148629 52302
18488 5783
110513 52752
62325 79104
100264 121955
55098 15611
37267 76473
29962 141346
149432 39126
133022 8424
75456 103337
128980 36185
14469 28844
62327 46707
74542 114068
82722 119249
125032 73171
42275 101210
96666 1898
123853 104601
36564 113283
39756 28952
86650 73831
112958 136070
144494 2435
105772 12332
114869 69951
15147 1104
114164 129339
93407 143826
113076 38706
28229 92481
43691 4460
6358 136857
91458 56709
19992 46564
75516 128022
118206 59748
112170 78518
80953 81164
9848 23017
92968 103077
104182 124717
104056 24467
18294 68346
23404 113815
122648 131370
135830 117985
104842 16339
73049 58541
105105 112652
90675 93041
69142 96973
25491 125233
56397 97664
120681 106445
59522 132597
107314 130001
4469 80056
64754 127723
7890 89115
136837 88158
122496 130539
63230 39019
97560 77338
39991 52631
62025 119017
65990 47018
88603 131167
145183 91482
114279 61352
43949 32217
12218 90153
20210 1263
45338 83039
22154 84964
89475 119581
100120 75343
114363 61971
55661 79702
132334 128275
13645 12004
125374 44359
91878 79635
87469 63977
125329 87061
119278 51748
141902 19278
86894 131497
130888 78464
13428 132232
101813 69395
144738 19255
147578 118285
47988 25453
70081 53240
65244 30322
74681 83726
13361 40619
104596 16559
19972 100831
68931 79926
15556 139251
37100 60833
55649 102450
84683 84340
3735 69078
4685 102848
137486 64826
6631 2264
55504 35474
132148 76712
76790 37100
77719 123181
56092 6504
23687 98668
94946 76064
131667 92618
69804 110502
62953 18767
19460 125453
110883 63988
83188 23195
88021 115569
117833 70674
22500 94653
87717 89689
126789 71000
44181 80860
87364 120861
135881 100273
92690 111051
120021 80827
41329 74357
9477 39825
81631 20634
84622 28937
118484 108866
74435 84163
4837 122858
133863 108620
48309 93690
14690 71580
2440 25099
62312 125224
141849 6156
117207 48193
129020 84539
75249 3581
109758 86701
107336 1078
30015 41389
256 108310
42473 64851
37709 141043
99664 113663
123705 21572
9505 147973
89424 54747
29971 78297
84454 68088
116281 88173
89064 118013
121594 11653
98355 14313
15391 81353
39094 122043
146705 111758
92962 105702
96746 39179
69194 130671
2244 112762
27087 42899
13998 78101
6398 32864
100952 110322
48495 7204
125218 133586
145239 137559
68225 13164
94517 9946
131989 149968
28079 49964
5666 128695
84226 121041
101712 18764
131526 69772
29023 20308
14761 8614
107830 43021
3343 21160
28364 58782
42368 118190
105750 69934
83099 37608
47554 90327
90295 93968
143932 95896
140943 118374
5767 65951
84715 75169
144941 107480
44140 132594
57560 23964
133337 58902
146414 15390
74172 136681
104871 24778
11065 32893
136853 126973
67300 94164
38132 100759
46655 73948
108674 32065
14368 37598
29119 114442
138274 99083
148029 24060
114376 32414
7668 55589
70979 97714
747 4082
95213 61504
94397 105618
148944 106278
116794 81250
32009 66244
140192 4926
103343 145017
32615 98867
129661 117711
133147 61735
2147 117935
66701 131176
36766 32876
130590 74370
144804 24097
85601 47689
3307 90017
112647 96350
27600 2251
134848 79441
84368 125962
120979 41392
56611 104063
71775 69946
48033 36272
4207 121274
102450 50181
149409 70909
61631 55568
146018 46351
94040 56435
146453 81619
27970 13699
82303 25452
104894 121922
97884 67151
24895 105614
59677 135215
55162 81507
117779 47804
85430 103195
69728 38339
25600 37881
9801 69137
31840 87231
60018 5819
3791 125880
55932 122823
148276 98113
136387 138235
121738 19522
41488 84272
135839 146633
1 1
123 321
599 598 
1001 1000
999 1000
1000 999
555 444
321 123
81 80
6666 7777
