210310 177823
45756 4463
727876 730399
579455 577294
32884 100836
113085 109982
71844 34274
553663 552344
85864 127537
618383 615974
642817 645337
57038 136620
187429 185151
110944 156861
724660 729458
16529 45351
72165 74104
106594 38791
22259 83171
137379 74984
157469 98841
90617 50264
54543 131862
272013 271285
810871 815325
845673 841857
137559 53975
132240 27915
57589 31099
66563 44401
64081 35989
586935 600801
353888 334042
21459 134573
29426 9648
715477 713080
75072 154198
93830 24861
138851 79284
233559 237502
653160 650018
70904 16350
506632 510486
67968 6510
81407 57248
102416 130487
942207 940521
9921 62484
86602 104270
170085 177850
131580 84200
127345 151423
100407 87296
133309 29906
23025 133479
112723 92322
72844 55029
11758 20644
327945 348420
23664 91549
746481 747114
346317 330365
83440 6628
649574 654203
531996 524182
929719 935019
587669 589989
41941 143888
81644 26798
10992 159244
138372 11504
27721 70736
2793 30352
124814 107337
89707 108540
36515 42998
181759 189488
27107 28219
46806 110759
528862 535330
135161 95815
852975 850672
109525 92849
119258 144464
76872 125445
126463 134369
9236 79251
54309 116093
239654 252852
164197 194064
45338 30278
145604 42344
350282 349060
290500 302296
153723 140089
90876 95630
12531 37302
70804 82485
103513 140933
443878 443149
143900 150135
155006 34517
212450 201086
23797 95898
317785 314890
77297 5825
214416 221549
489368 499918
15238 130741
818623 815393
693830 699972
109583 35365
121391 6380
620 137244
127715 14119
38146 73704
149265 127087
211511 190225
85071 48472
215056 218255
5570 102036
53446 6872
892052 888973
240727 244689
761432 762374
436474 458549
20782 67576
123150 26892
173360 196105
48188 10411
95774 68989
67618 16282
530540 507441
121311 101415
417667 412051
100280 24423
482043 481265
37616 57716
94374 206
140621 27897
544504 545915
401243 404549
594984 590331
28031 111526
6102 153979
403797 402544
15393 131046
836167 836767
381742 381704
261658 248332
76980 21908
127881 31722
369681 363206
72956 157934
109213 136507
48625 32590
230753 225965
62647 3296
370001 369949
88755 156169
28003 151371
151944 100598
35224 8295
20492 27684
4344 49169
211783 212639
97110 67766
622603 621197
243290 239900
968455 965475
602156 601166
863177 863059
251830 248030
303471 303822
88872 45476
161949 207010
132811 130458
78013 37066
15490 68472
70597 46456
118440 61773
38572 70195
67306 6905
314357 302703
207725 163880
59490 20532
185578 164144
135470 30101
22189 142982
6071 122074
70579 115427
102659 26357
127239 93670
3060 136310
875740 884665
9749 110348
40667 151837
174165 203714
44413 14719
206479 165721
387387 404500
109674 66176
199925 182700
117378 56891
837370 837638
131952 75526
622103 608545
18156 35123
91438 21709
75268 18289
55949 100587
140778 24207
13439 143511
443300 455917
551780 553148
461039 467537
275161 281326
986579 985596
49301 108574
978463 978275
257654 240723
129811 45470
323331 332285
127787 87310
568624 570843
800099 783853
312881 297826
68940 30625
248575 262640
456646 451474
111111 16665
303907 312889
643737 642888
258701 245457
64574 24207
26606 94453
202494 197446
30552 115795
128861 153184
346208 320632
11346 73114
937285 928848
89691 144974
147810 152000
400387 385559
140937 124030
49861 36254
77406 72018
881617 879925
145814 69493
10293 118837
69930 151901
737366 742965
42430 25198
80442 22082
55070 128812
12726 76242
787821 788720
67882 53915
26236 51062
175735 190789
348525 351024
129586 9013
149106 42420
12227 116205
262661 261601
88420 37659
469925 474155
426265 425830
70840 86182
40618 32108
48413 150274
104547 47893
128653 64633
73013 48335
692202 703230
53215 85399
447920 453208
795460 784067
156234 13720
860465 860784
9099 39194
781260 807059
12022 6012
530496 531132
991505 993704
63776 49068
31126 48384
880764 882314
42329 100404
546589 555950
313425 297248
12385 62578
42422 16694
117933 100082
109595 105778
42972 127149
157002 96195
31255 86610
91770 144811
99919 52112
678940 685415
61042 114510
434406 438901
2421 153840
58092 7639
56186 12730
61663 61421
145829 1866
708930 705246
77551 147497
948934 956565
46163 87709
302141 316013
145803 71400
306671 308814
124999 58213
943412 939698
89657 30358
47851 110421
631445 635049
83542 149576
75229 91654
333669 336039
677434 686539
495200 492548
24351 137708
82918 29810
391510 399380
50856 65419
520103 515420
152897 22153
86909 94639
130965 7419
448104 438865
367586 360477
544955 551935
125769 150132
72009 62988
151529 67109
125942 125341
798945 806071
558996 556926
122549 75467
118909 135735
361612 363441
71711 91934
114915 53899
46099 16756
726517 720983
195612 170636
829997 833678
388807 380112
90437 50121
47412 8536
384741 379039
164771 164032
36422 59380
87514 14758
466941 468224
102460 86321
31624 109499
554786 556482
128296 159050
97503 86041
20540 19310
3956 1832
77117 1217
139299 25369
126152 112757
320226 347273
92137 59722
773390 772770
188408 160606
19755 106314
66406 32081
400667 403985
314778 297820
334892 334290
48296 18170
127830 3384
134339 122042
556815 559621
509443 522357
125215 116482
384944 389644
350087 340286
30422 73794
683537 676979
62862 94775
23142 106841
142374 122766
234367 229235
884363 876276
169779 160767
6662 62454
74917 64196
78728 7125
935460 927774
111175 99079
50213 79447
141369 50359
133079 1682
401520 388834
41587 68351
53791 65488
43260 71148
147010 157133
110248 42640
148464 2586
143184 80338
89735 32440
66388 39096
662137 663277
94973 148906
314504 318904
295235 292100
44131 40238
43590 87042
241782 269512
114277 100051
316378 303064
4978 14348
21116 92114
55112 24468
132933 44092
374434 372559
150263 100519
121443 95723
85790 22533
40388 2937
23356 80001
103666 149428
796590 798076
143146 3701
104961 71111
119056 29856
177623 201957
160610 185637
66491 113172
138299 17199
966710 965059
127274 22299
495025 500359
256010 247532
551061 553563
526044 537758
875845 879435
8874 159355
838492 839448
174278 204864
118683 45716
384360 384501
37256 152229
6934 125318
25129 121786
119385 98165
397338 397522
115519 76304
38932 42833
52208 57074
64721 54117
145846 138680
92419 101571
378220 389567
314476 293399
380913 388993
327312 325507
534534 532817
781950 783776
36709 90925
437045 450389
81307 44107
46676 78002
88209 154246
8619 5518
635090 635686
132072 78157
70676 23634
774670 779661
796296 787149
118817 149896
61571 34455
11025 56830
103206 152865
81752 40876
168445 166115
812487 818642
268756 263242
240776 259888
880506 876978
206505 199593
94852 108493
23382 127082
343712 333251
763022 758467
710988 716690
63739 142785
417838 407535
52386 143059
305069 308689
15317 115986
9331 150372
66053 3070
26345 152740
26183 94941
23934 116157
146753 42922
40439 105909
49895 33578
95699 147901
102085 11837
214972 233477
124440 98000
592252 599243
784837 787254
5688 154577
600404 583259
52200 77435
833846 837734
403616 381899
145753 113488
280632 284188
87386 69774
212219 189469
140134 149358
121904 80728
126718 17044
74639 82132
387998 395472
104692 141776
613526 617520
541699 557951
541324 544069
118614 78636
832728 830682
360452 361752
27847 51328
957685 960081
149832 65408
19837 19099
29103 140268
167766 172605
238079 234184
133532 65486
56104 734
506779 516673
285408 273567
13763 60687
510305 507940
30262 53180
95245 87442
397173 383371
118409 43577
124693 40276
399607 403675
106323 57261
38390 86362
158522 156794
784476 781436
155588 134799
331169 343386
89774 29244
1588 75727
126851 68786
113174 14734
100482 99705
57180 144951
154216 154778
522985 537499
55331 150385
538133 504503
527460 527179
519123 533849
880352 878324
28945 86971
131103 112583
105757 115595
192325 171395
340954 343829
27061 129145
99764 48289
63339 52006
63887 125152
121944 118686
609567 618537
103770 16272
124222 90942
411 89470
74843 105349
68915 117466
400720 381705
165452 185514
234284 213017
13209 88369
511627 527925
87221 112406
508105 537412
29265 52087
69920 21710
28179 99712
266368 258773
87082 1573
495604 490689
355707 345570
26076 153506
15364 89681
101581 132627
365176 376332
803431 797039
56222 95933
80925 88545
879006 873467
52070 103709
152591 74115
109603 61787
184588 199039
148662 40359
82727 143277
812683 818876
86039 76205
964231 972884
142643 114203
146346 19831
135826 49201
316311 311067
80588 75542
596304 590681
59286 87012
115128 86147
127997 185
142407 56160
992328 985231
189321 167084
93850 75276
595088 595712
31145 129115
160260 197980
60440 12206
521437 513497
805154 802946
102490 116305
51185 46602
138652 91355
400101 393544
139201 111586
508349 508443
83298 123709
4793 83000
126427 76013
204023 172600
56987 18315
87027 4948
237881 238392
216479 231526
141898 155194
91092 154399
21399 57878
270494 276333
145157 73740
16593 98723
253648 268722
440170 451092
105638 12156
556351 553414
324217 350593
91575 66815
263787 259793
19101 5041
37097 70040
67875 148220
276761 287070
79539 7975
19873 117635
159084 72589
53165 142320
160002 165673
23281 115662
236162 234239
262652 239361
27853 139231
192630 165259
136232 47272
312945 294238
60084 28914
80564 9310
139121 76297
286297 288407
158058 125740
119507 100996
41178 154962
10766 139487
382790 389213
508051 517091
28490 158433
100566 57065
412628 419573
259257 259279
123768 49741
155494 116970
56809 4393
15869 81661
224166 238527
104043 87022
50645 118873
48424 61865
10395 159149
424315 421021
541886 549561
140269 13392
69686 33859
14652 14372
150170 18013
135795 69738
237695 234547
153425 44207
56640 80309
73068 106969
10052 40255
59565 8948
80321 61852
80108 45114
506085 520798
798425 788326
20087 7094
5617 92781
146951 82589
77113 141748
463439 460705
22632 156331
152441 70042
323258 356738
700231 694703
524023 510333
352007 321607
793795 802536
28678 144574
64682 106330
365456 362698
265509 244198
78256 154851
205685 168290
446692 443839
62277 36070
82746 47238
358550 338201
118075 110130
69473 15050
103273 1276
30349 50947
101380 54624
23365 82536
13256 94801
639064 639512
114798 28626
125863 130529
681548 671441
164737 177846
683920 675589
115748 143057
142722 45112
93762 71163
814081 813688
952493 950718
793618 807222
673689 684439
971398 964711
979888 981192
57559 75979
72037 24767
329730 343950
167889 188371
255275 253175
807943 810564
37223 145918
27960 110208
368322 366822
80926 37931
339687 322323
54238 157380
187640 196817
54642 103079
623244 613558
135306 155514
151027 92543
202285 210327
934390 930575
59599 92044
192677 175032
37884 21115
141025 153937
117723 120379
574738 570514
52149 110606
96336 73034
6057 58727
90678 124508
68037 85563
196059 201966
131386 59943
7023 58935
115750 41652
35106 113819
352508 322524
383961 399456
101640 36844
774811 772809
26637 75040
44242 106808
361061 372145
309535 307149
184330 202540
931946 935574
77684 106524
122101 41309
459597 451864
696396 700605
89922 31763
77276 31141
442071 433936
398923 384391
113670 155655
113986 54490
269135 266740
69073 95722
121422 15062
473411 478105
123133 88323
131357 60705
70235 46200
27163 131848
304243 301102
75603 101938
727619 728161
139682 103308
266023 262883
66514 103566
88803 100672
195319 204558
12170 28236
46624 31410
318114 298551
741922 743937
36644 1718
162781 162069
19434 83441
108523 116269
42972 104103
21856 90376
313650 318372
43178 150473
93267 106468
117648 147973
161064 210558
427266 429208
134804 19281
51129 154250
122080 142166
50459 61993
572462 573788
433143 458652
200713 169163
598761 582028
255883 243690
115872 31274
702437 698028
464489 462825
668691 668574
925519 928123
298472 296767
45518 3273
66089 34185
127915 95967
175882 193958
588384 590714
969012 962597
73269 156700
160424 190182
317045 317982
151426 53511
250710 257381
137992 108137
69344 110666
587415 605882
102439 30060
394402 403015
715990 709316
323940 323057
108920 26396
197417 187362
105945 94793
108438 115454
350884 347011
106869 108878
54632 126488
179690 198709
188868 190583
251761 249160
691072 700359
172082 159872
159063 62097
157012 34230
144057 127594
144506 145145
445662 441223
63657 85020
353825 345870
48619 105500
105144 57772
723086 721101
49280 6044
255507 244167
99503 2993
42891 39692
555462 546017
54922 105818
127261 128089
537915 506189
209163 199274
696623 690316
788409 797688
29057 90165
236650 236009
136612 43854
280376 270662
417566 408521
134066 86423
102690 70847
62631 64307
183306 199161
139425 37074
254591 251795
126976 52369
45382 75039
141773 54819
902133 906092
559982 561727
89704 19386
33381 52699
454151 443645
972356 967553
39975 14877
681421 674449
14976 62049
173287 211314
952218 954902
66373 83177
832369 830706
35298 4074
171164 204055
154506 155437
280813 279809
27985 57728
883124 876080
55679 39901
62894 93793
88619 7237
30723 76741
445584 453027
142880 124880
989848 985763
597821 595987
288853 297740
153998 23839
164275 175264
91693 106501
117454 102294
112538 142216
448049 458697
787719 789358
93357 73526
269692 263185
99450 135445
97007 33193
47183 41764
58262 48595
16681 2178
94856 108800
31721 117948
592535 602709
855778 857964
595122 591235
525325 537403
324942 356951
27428 136594
151925 9853
20616 51097
822052 811327
530581 510441
31943 39904
138064 154003
503164 502592
146062 99362
98724 92482
356077 336696
313167 318383
93594 89845
330589 358348
252912 249615
347743 347518
